250 642 20
0 9
1 14
2 4
3 2
4 8
5 1
6 6
7 6
8 1
9 5
10 1
11 9
12 3
13 2
14 8
15 1
16 13
17 14
18 14
19 6
20 18
21 4
22 18
23 4
24 9
25 14
26 3
27 19
28 6
29 8
30 8
31 18
32 5
33 8
34 11
35 15
36 12
37 8
38 18
39 7
40 2
41 16
42 0
43 19
44 14
45 17
46 14
47 12
48 4
49 8
50 5
51 3
52 16
53 10
54 0
55 12
56 3
57 5
58 16
59 15
60 9
61 19
62 0
63 12
64 10
65 12
66 5
67 8
68 4
69 9
70 1
71 1
72 1
73 13
74 2
75 15
76 4
77 1
78 5
79 1
80 12
81 1
82 6
83 18
84 14
85 18
86 15
87 8
88 3
89 3
90 13
91 7
92 6
93 0
94 5
95 2
96 10
97 0
98 12
99 10
100 5
101 14
102 6
103 0
104 6
105 7
106 4
107 4
108 3
109 12
110 14
111 3
112 0
113 0
114 12
115 13
116 0
117 10
118 18
119 11
120 5
121 7
122 9
123 19
124 7
125 1
126 3
127 15
128 1
129 18
130 14
131 12
132 10
133 11
134 16
135 11
136 1
137 3
138 10
139 13
140 17
141 0
142 4
143 10
144 13
145 8
146 11
147 19
148 5
149 9
150 9
151 18
152 11
153 1
154 14
155 12
156 0
157 1
158 7
159 14
160 12
161 16
162 4
163 11
164 5
165 19
166 9
167 18
168 11
169 12
170 5
171 13
172 7
173 11
174 4
175 9
176 9
177 15
178 17
179 8
180 16
181 19
182 4
183 19
184 18
185 6
186 17
187 14
188 10
189 6
190 7
191 12
192 17
193 2
194 9
195 17
196 7
197 2
198 10
199 5
200 15
201 15
202 11
203 19
204 6
205 5
206 11
207 4
208 9
209 12
210 13
211 1
212 2
213 2
214 6
215 16
216 12
217 18
218 15
219 7
220 5
221 3
222 10
223 4
224 10
225 19
226 12
227 7
228 10
229 13
230 2
231 3
232 3
233 10
234 6
235 14
236 18
237 15
238 16
239 0
240 7
241 15
242 11
243 11
244 17
245 19
246 9
247 11
248 16
249 13
91 149 45.0
17 99 88.0
80 136 83.0
39 227 39.0
126 204 13.0
179 230 43.0
106 128 48.0
63 220 6.0
62 182 46.0
131 216 47.0
21 68 38.0
141 232 68.0
0 118 93.0
36 88 70.0
175 180 68.0
129 131 97.0
78 93 98.0
68 108 96.0
206 221 11.0
69 138 98.0
119 123 91.0
142 214 49.0
45 85 5.0
198 239 70.0
65 100 37.0
59 237 2.0
104 196 49.0
134 207 95.0
134 204 86.0
67 234 80.0
169 239 20.0
143 192 77.0
6 89 24.0
59 73 71.0
42 92 93.0
24 55 32.0
90 121 6.0
14 97 84.0
166 168 98.0
130 190 98.0
140 210 12.0
60 140 44.0
9 112 3.0
21 108 94.0
46 111 22.0
40 215 1.0
129 150 24.0
98 207 29.0
18 148 55.0
184 206 58.0
47 84 70.0
212 249 3.0
56 106 75.0
132 167 81.0
158 205 78.0
53 176 43.0
124 180 56.0
5 221 66.0
126 134 10.0
139 186 44.0
83 89 62.0
56 222 99.0
155 244 20.0
77 195 60.0
175 239 19.0
131 150 58.0
177 216 67.0
95 199 50.0
5 206 35.0
171 199 92.0
87 188 61.0
95 166 82.0
204 207 58.0
7 145 86.0
93 102 59.0
37 234 41.0
3 87 3.0
66 141 67.0
120 224 50.0
211 213 85.0
180 239 49.0
188 234 5.0
82 129 83.0
16 58 16.0
72 245 33.0
20 248 66.0
73 237 86.0
132 163 92.0
73 192 62.0
38 123 47.0
64 71 69.0
150 216 14.0
8 214 65.0
152 202 71.0
135 154 32.0
15 201 42.0
2 75 7.0
6 83 29.0
28 223 14.0
19 153 3.0
126 207 76.0
86 141 81.0
169 198 49.0
66 86 78.0
32 61 100.0
25 196 9.0
12 50 12.0
131 177 10.0
57 173 6.0
42 193 92.0
31 238 32.0
192 237 50.0
20 245 75.0
101 183 38.0
25 108 38.0
3 188 19.0
90 120 34.0
135 176 53.0
26 246 17.0
37 67 76.0
163 167 41.0
107 151 100.0
7 157 20.0
66 232 67.0
8 142 73.0
82 131 26.0
124 239 72.0
22 240 89.0
98 194 29.0
95 171 44.0
49 151 28.0
162 246 19.0
79 186 35.0
67 188 93.0
88 209 65.0
34 149 24.0
190 227 99.0
122 128 49.0
13 232 39.0
97 113 13.0
47 226 95.0
145 148 34.0
2 107 28.0
29 200 65.0
20 114 41.0
73 143 24.0
14 113 55.0
174 235 17.0
29 41 6.0
87 234 22.0
169 200 43.0
106 122 25.0
21 25 39.0
35 133 69.0
96 114 7.0
50 84 69.0
37 112 24.0
46 203 95.0
39 190 1.0
16 19 97.0
18 219 36.0
10 133 43.0
77 104 80.0
193 206 36.0
94 242 85.0
61 125 10.0
180 224 64.0
39 241 79.0
8 35 57.0
49 107 58.0
29 169 88.0
95 168 80.0
18 147 50.0
30 60 90.0
31 184 83.0
96 105 1.0
194 220 10.0
117 135 22.0
36 116 83.0
63 194 51.0
94 213 52.0
198 200 3.0
16 54 19.0
52 74 32.0
24 177 14.0
159 237 70.0
175 224 26.0
64 249 4.0
94 235 88.0
7 53 19.0
155 191 98.0
43 92 78.0
24 216 2.0
117 154 28.0
38 243 42.0
98 101 57.0
73 103 71.0
69 83 50.0
193 221 49.0
127 233 19.0
187 197 35.0
83 138 37.0
10 139 7.0
18 145 46.0
161 179 28.0
194 207 82.0
53 145 16.0
200 236 81.0
170 183 98.0
189 217 46.0
104 195 57.0
184 193 3.0
24 150 17.0
44 178 34.0
98 183 84.0
27 105 93.0
181 229 35.0
23 146 80.0
178 226 81.0
201 224 38.0
90 224 12.0
4 238 62.0
119 197 77.0
2 243 13.0
160 211 71.0
105 114 78.0
76 228 82.0
72 248 60.0
12 135 34.0
57 161 55.0
82 177 57.0
80 229 60.0
19 54 16.0
187 218 84.0
122 222 87.0
69 153 26.0
26 212 69.0
1 13 8.0
111 203 44.0
17 86 49.0
77 196 96.0
82 171 29.0
86 160 10.0
13 75 7.0
4 185 87.0
159 192 34.0
202 229 95.0
12 84 20.0
78 97 4.0
136 229 25.0
152 229 52.0
82 199 7.0
117 176 73.0
91 165 91.0
3 205 15.0
167 244 41.0
59 103 40.0
51 57 17.0
7 148 25.0
163 199 81.0
38 197 94.0
84 155 39.0
162 195 4.0
90 109 27.0
65 101 88.0
124 230 5.0
147 148 5.0
75 232 28.0
123 197 56.0
30 140 8.0
100 101 31.0
148 240 7.0
50 135 17.0
60 144 71.0
22 237 23.0
138 153 24.0
95 167 78.0
112 234 62.0
108 203 45.0
51 120 82.0
58 236 28.0
126 220 82.0
79 146 21.0
29 175 32.0
150 171 94.0
54 153 52.0
10 186 71.0
12 176 6.0
49 71 36.0
184 238 80.0
15 224 82.0
116 247 17.0
45 247 3.0
198 230 25.0
96 248 64.0
15 41 78.0
30 112 16.0
231 241 98.0
32 125 77.0
48 164 84.0
22 148 92.0
20 96 93.0
120 124 51.0
33 158 22.0
205 208 17.0
9 30 72.0
195 196 66.0
61 182 78.0
173 221 74.0
54 69 95.0
49 243 70.0
7 176 86.0
130 150 29.0
70 137 58.0
140 144 21.0
34 70 2.0
158 208 86.0
157 191 14.0
103 209 16.0
143 209 14.0
155 167 74.0
75 141 17.0
39 231 29.0
95 163 78.0
16 236 48.0
82 189 33.0
21 77 58.0
23 35 89.0
11 242 81.0
0 28 39.0
168 244 34.0
89 114 65.0
168 171 45.0
123 249 84.0
143 159 57.0
41 225 100.0
65 194 83.0
29 225 86.0
110 178 19.0
48 185 38.0
71 249 2.0
26 249 75.0
24 39 41.0
86 211 44.0
47 132 29.0
157 159 52.0
182 208 53.0
25 203 80.0
4 231 76.0
40 116 87.0
181 203 82.0
133 186 88.0
75 243 86.0
62 208 98.0
110 226 37.0
29 236 32.0
87 112 11.0
91 223 71.0
110 138 4.0
11 235 4.0
17 141 23.0
43 55 59.0
3 81 59.0
15 29 21.0
193 238 47.0
144 210 27.0
33 67 72.0
28 118 70.0
81 160 39.0
207 220 68.0
34 137 49.0
12 191 57.0
15 111 100.0
53 117 29.0
48 144 38.0
82 163 33.0
8 133 1.0
168 228 54.0
50 178 25.0
213 242 86.0
150 227 8.0
40 247 78.0
225 236 46.0
17 242 62.0
115 136 15.0
43 161 97.0
35 79 43.0
156 172 61.0
70 127 89.0
5 173 84.0
6 114 77.0
147 240 30.0
130 171 30.0
30 144 36.0
113 225 23.0
97 102 69.0
163 189 12.0
52 76 43.0
14 72 61.0
70 233 81.0
126 215 97.0
32 182 91.0
111 201 3.0
39 150 61.0
80 115 50.0
46 201 62.0
73 209 42.0
18 53 54.0
148 157 99.0
47 167 86.0
74 85 43.0
150 190 92.0
35 146 23.0
177 189 25.0
118 223 24.0
95 244 84.0
112 140 32.0
51 173 5.0
17 213 54.0
142 164 97.0
198 236 91.0
116 209 9.0
117 233 68.0
84 178 54.0
89 105 40.0
130 228 67.0
59 240 8.0
223 233 16.0
11 197 64.0
24 43 58.0
43 177 98.0
173 193 90.0
75 151 70.0
117 219 33.0
139 170 14.0
190 228 72.0
81 213 55.0
84 167 40.0
128 164 22.0
51 151 30.0
62 125 34.0
171 228 83.0
65 98 31.0
215 247 90.0
14 245 100.0
58 225 75.0
63 65 26.0
195 246 22.0
64 123 52.0
7 12 88.0
100 170 88.0
106 164 62.0
81 205 2.0
168 191 20.0
218 249 50.0
81 211 6.0
146 186 16.0
112 210 69.0
22 157 88.0
12 157 9.0
71 121 30.0
84 191 57.0
14 102 31.0
24 231 73.0
83 105 22.0
196 203 90.0
88 103 85.0
123 218 68.0
26 218 24.0
42 173 33.0
63 215 61.0
57 179 64.0
64 243 37.0
153 217 78.0
170 186 33.0
70 149 30.0
109 196 33.0
24 42 27.0
51 179 89.0
41 111 35.0
122 133 36.0
29 224 30.0
115 156 6.0
70 91 37.0
43 173 94.0
132 189 64.0
47 110 72.0
117 223 6.0
51 230 23.0
71 243 17.0
74 76 59.0
135 178 44.0
136 181 38.0
74 209 45.0
52 143 81.0
62 158 24.0
11 174 13.0
43 57 15.0
122 164 85.0
137 149 25.0
43 230 1.0
38 64 18.0
13 184 85.0
111 202 50.0
91 137 49.0
38 242 1.0
85 222 96.0
71 246 72.0
56 164 58.0
21 172 4.0
109 203 38.0
26 195 20.0
28 117 99.0
13 31 37.0
157 237 84.0
127 147 7.0
38 75 62.0
49 51 91.0
127 219 95.0
164 185 12.0
48 142 76.0
32 208 79.0
68 172 84.0
91 233 3.0
117 127 1.0
14 225 52.0
201 203 5.0
159 191 28.0
76 190 19.0
97 225 63.0
137 165 50.0
45 222 1.0
40 63 15.0
0 27 52.0
49 121 97.0
13 206 53.0
26 71 46.0
6 58 13.0
28 178 51.0
111 229 95.0
4 48 13.0
76 168 9.0
10 183 37.0
32 174 72.0
103 240 41.0
230 236 88.0
5 151 80.0
3 160 6.0
87 160 20.0
24 193 71.0
47 217 85.0
38 141 60.0
11 218 52.0
45 209 76.0
126 247 85.0
58 83 44.0
81 94 64.0
1 30 66.0
109 246 40.0
222 247 73.0
1 238 78.0
134 247 32.0
18 127 25.0
14 58 20.0
27 83 2.0
209 247 64.0
4 144 45.0
4 30 73.0
41 202 75.0
110 217 79.0
49 90 47.0
78 152 20.0
13 238 55.0
10 222 11.0
153 189 60.0
164 241 12.0
52 209 20.0
127 137 12.0
11 38 69.0
44 83 23.0
1 87 16.0
77 172 78.0
10 207 52.0
142 144 68.0
10 134 57.0
14 114 84.0
78 225 91.0
10 98 56.0
39 76 88.0
202 225 66.0
27 28 61.0
109 195 6.0
66 87 52.0
177 230 56.0
16 189 31.0
189 230 47.0
5 51 1.0
172 181 46.0
32 235 92.0
172 203 41.0
33 62 7.0
4 24 68.0
203 224 63.0
134 222 50.0
1 4 89.0
24 238 20.0
159 168 73.0
32 81 47.0
115 172 39.0
102 248 75.0
83 178 22.0
86 87 36.0
16 230 33.0
164 231 3.0
115 181 3.0
210 214 81.0
39 164 14.0
32 94 25.0
74 222 11.0
23 210 9.0
87 232 85.0
13 87 17.0
27 165 89.0
76 164 97.0
143 168 73.0
103 147 37.0
40 103 66.0
80 93 78.0
28 83 3.0
93 115 82.0
100 146 26.0
11 125 71.0
23 37 35.0
23 67 94.0
23 33 99.0
63 103 25.0
33 146 63.0
115 248 90.0
103 137 77.0
11 172 13.0
62 146 52.0
125 146 75.0
