202.48458919472245 59.295484918010956
699.8478434150026 723.9083141417025
769.5389106560058 596.8298769774885
744.6515508899406 888.640870148414
529.4660392812303 684.2696821914362
647.9215300077136 603.2202120585866
453.0094137613941 125.53728266232078
123.19518138334983 365.5787662466733
364.6315932025854 893.9203183626314
658.9812839803991 827.8332536755372
243.71483110556125 907.7468390379776
993.4749328946349 697.2019172902656
210.0695616852786 320.9529020277808
724.400049447934 671.7840120762801
582.8884132367696 91.26627996588743
730.1058941304058 298.78570579387366
512.854255563635 239.91879130664307
841.8908277772964 685.490169941377
53.34646201646487 337.7903504438514
472.5717236396293 250.43765789711946
469.60628987707355 32.57820346716001
932.0716476791174 268.2182234873202
43.926680396499385 421.82554162090923
376.39026624839835 964.968545674237
464.54133836030707 523.3400899058753
909.898411604235 302.4802490904606
959.5391679844757 462.9219176223106
324.50947124557325 39.49778921911273
188.1632295692992 130.66036260675685
656.1710350570676 272.70006411227354
592.9348370327717 811.677920562957
608.5067622634214 654.8308156296782
965.1296512608567 933.7050328233956
720.4155430425938 981.9927873514043
80.85040033312984 74.47817145349501
326.24595330554297 912.3997758320897
35.72721525688771 637.3641230280341
665.6827629158302 883.9480062560233
869.9505899246121 605.4743612751516
421.7334466400331 586.0178055933706
32.93516279539266 755.6852081646849
687.5815978743561 247.72956293042546
562.7846745032608 558.920701783714
553.0321414277697 495.49101076711213
277.61615826978283 176.0106331766209
152.4986069484231 669.970061922119
808.407950039924 260.6483923385846
290.426683470251 315.8233258442846
442.5704704171278 779.0177902673331
789.8570385148122 528.3270241116915
232.42857765650993 300.42386303162607
706.1798571724836 444.68353181588617
186.40298356957385 552.2974118014704
137.91656566873212 320.20800846268304
494.0489448512606 197.68198331736374
482.2169401813036 528.919196510618
261.4046586100808 752.4111734839443
665.1559427704643 489.72609706167646
533.9234639110138 223.09182963155882
47.569537255479524 486.8910969643006
568.1544173485368 848.3846283746503
961.2831048714175 963.6554460061543
892.1345849890137 989.6280264352465
8.357598281112711 876.62242746664
859.6468168529954 492.0114862608852
29.77045192594341 970.7416539435372
759.7517683022519 716.3256836402313
680.1757645588106 914.0120515200879
924.0795820170728 266.15520379940136
426.2814628866618 187.0043353643812
24.470352037846197 115.75642458005653
834.36915858915 479.77101506138087
518.5195572097233 35.50266289696613
47.46688266099297 505.2157244906491
150.6355012037628 582.4160673160442
752.571041253653 619.9173349749334
259.37076439964216 596.1790423391843
975.3460976626686 326.4387739283372
646.2950468514368 45.910075279532506
274.7654543433085 977.6386117178465
863.2687860993277 78.83118187333548
808.9885741522243 843.84467585528
409.14580019966763 456.18494613603167
426.66129569691503 137.03335794509331
269.36311228774633 318.4507064323315
166.27382973930926 668.1399818411124
788.1847524301659 707.2377967490357
721.5801410118574 877.2937198827107
36.27713490077411 627.4289751730846
437.1559269350448 116.72073624623968
759.7672806567323 387.2709257960403
118.19741642784808 66.37143683281788
567.8109169204234 541.1428548137798
638.3919400207268 37.489616880558295
908.5068820949148 747.9074807106441
325.4814618390122 461.1281992769156
404.6759655710058 13.308658532410146
600.589444569351 84.29157374596852
82.85947596254317 891.6398629422808
844.2981787974223 686.1676856360704
37.636006221708925 982.9499669185125
84.86143117491874 941.0015556161723
651.1008131542713 15.837673733076652
4.831752310311854 530.2260670025973
933.8636134107825 332.8005234946553
376.50026921667 48.279682199558806
277.0108334352113 767.526238772857
760.7003961990299 559.5367131470523
912.3811626183267 269.72095750060845
819.3021446857263 368.3707228625238
344.35735293455105 222.36515646156175
792.4045098430656 248.3343064948943
650.2560316729275 845.5210734714681
608.3865037939912 121.02242851949585
432.3021459267897 43.68572383050928
917.6979178586773 12.363276382243772
50.580487154657014 680.8742636740985
147.30161636743665 240.38585137185498
195.90685230022342 52.02577801134112
902.4698542523365 587.6121319719783
726.7065520931071 383.6202011637096
765.8701434589624 405.25806654091355
268.24944756133493 807.3139224609899
889.0987029067308 584.9589833529551
661.681436120934 364.563371119815
986.6915488299858 997.336431006601
73.36803154178806 850.3925980374971
33.786348375295375 199.29626522241784
280.77842286611474 772.2322173224645
421.80142160147005 479.84166407138196
382.22938511744974 560.2343717091685
432.22304383805346 481.6658181750839
333.6034214158554 378.7268795503831
285.2540366489044 910.913228756469
94.89847482886194 856.3334511635035
172.54976700729983 278.5992025970857
865.386850947725 76.73945960043838
5.144308117892571 48.73295877274864
413.3057794949624 185.5819413947485
225.88830394592097 954.8899797219345
563.888752824507 867.5250439564202
763.8054417433499 690.5356307473005
356.32059437363995 860.6388298477416
77.50502058624464 530.3315320450251
509.0358486085649 824.2618678503078
100.74781596549276 355.0837337572471
335.67685235938313 999.4260875751191
15.249813752260867 315.76159243069156
62.64173598887768 356.750499676984
116.566821540239 66.58024651781757
417.4607076723111 500.2881622865416
754.3912098355822 526.3542301432506
778.983930731031 106.97499832363455
445.1444009467709 241.21576750049678
192.3762275134122 258.05731489586094
252.8401155321337 377.96818820965893
989.2233708146291 89.9833476747659
140.9952283019631 394.4595344364199
784.3752171549902 959.2971623393179
105.03176846455942 461.79604927825847
794.95061767562 765.6500910346266
623.464879761445 451.389337557349
962.0349544518971 406.4442405564553
355.423547377554 395.96277050178406
375.4110256089258 773.0603423325383
120.39509707353379 6.099332894488052
301.8527473264525 466.2038268580584
321.7236185679052 397.00713103739224
282.80148385327595 469.1017047605285
657.5865865960986 315.68317590624304
135.26134218380014 979.7561801369089
355.46038017800066 480.0347396847816
999.4574999948715 173.2931290979083
657.7424677087178 519.6477441265165
957.4354339108097 803.5251162842204
673.2371314429821 335.18215910047013
147.57811993802093 300.58171544505507
462.1293927078758 476.465944953459
269.90160745739786 227.90760001870703
610.2757826194237 402.5223645973802
672.8529432440525 345.7429538252318
830.7161636904516 180.92044588356038
896.1848461547681 984.4344000156262
116.48532613947393 932.2010645175664
626.0772477705675 613.8279494352144
477.94673455373226 713.1669988791194
239.1741145685229 973.0793105868474
965.0298694797668 613.2984383086837
713.7077912620069 900.1191129970271
440.4312882417524 391.2288338693034
380.70345149330444 579.4588837935398
210.7463807980168 400.96558741766177
74.45348498332338 512.5632637693232
586.4822912850634 579.4936565154314
48.53923610347077 898.9713321171247
983.4634203724765 348.3180441232924
917.173877362 331.90127872883915
921.6680271651015 638.6819235914675
637.2353550360176 337.3948929357538
349.068231334946 456.92774717654993
623.5566937108432 293.37966367601507
747.5272691205789 321.5021443342049
776.1262267075329 135.278783400951
849.6029364615091 255.4733904198213
78.37831289701525 852.9062246734019
779.2983516612003 938.0730462651768
626.4114770907229 592.6568356981718
92.25560889592788 872.9356270608594
846.2736270364453 926.5429889285509
41.02468664200731 591.2438888089822
558.1630992597472 886.0978057759318
849.3806786399643 752.6168081093864
910.1284159309419 492.31035227129115
868.5146622788108 770.8133461641892
368.91789131126217 865.968204132431
31.084497791971643 776.3287532036942
439.0950736886193 482.3288598229496
423.7524024961935 342.2221921040635
988.5099589146515 561.1691768356965
82.17653885368814 307.7282833047228
12.533162518869933 872.0562834616516
636.2037193857565 584.6126748568888
238.95181581265157 757.9965985993191
159.47060333972107 132.7258254368433
711.8296325137345 362.09197704049467
627.8585028547571 203.80577227124297
289.5617825023572 277.88411128186806
417.2610466528257 582.8205657792217
291.27524423264026 550.0904492334174
835.0004775963581 128.14400695905482
608.1019222203196 396.9946401461515
482.7172459476441 623.46738308464
760.4459205079149 682.2145455315213
80.08597141450413 180.26967791889925
687.0633567413588 898.2128960636741
953.2507020193843 764.2876066864753
578.1904784789136 269.9036030931681
63.00092880010877 482.84965666547487
576.9705179565939 657.7548265846614
650.069959848506 331.98963514068123
16.376895089081355 400.27296564796654
415.8967941819226 628.1771318757443
921.5955538372801 707.9182232867329
823.551517607906 588.6834868843864
261.10056519325843 399.61502805657847
496.0857151099236 50.55981460002912
941.0394763901604 435.16344733084253
105.89493271959438 716.941553068586
470.5980793659639 5.449262643509978
902.0500948861961 512.3965501286135
