126.22925550447617 563.623037343083
526.8484649785346 828.15164770561
202.36202243123114 355.20794961770054
303.3762051624891 144.41670567165832
302.00672331026965 640.2645720698413
781.4734940109811 264.47178467332066
194.19150032419674 620.9246639959674
41.71963762260877 538.5330174733573
688.2665401964781 419.16887010458584
241.70921298050897 268.4578514530551
763.2206930878546 687.1665197867479
104.82940005374208 244.31929085361148
378.58454412546905 646.2547017665944
120.83418536747736 986.6653897869592
162.32892419950184 39.248054978090806
630.9938903510262 311.8726320814207
564.6751638919939 224.39411400853103
215.91635529191288 967.3967917725985
755.1305244295249 956.3332035325494
555.5270896538403 742.5886726991571
167.04987843758744 543.978404139826
395.8354957666541 971.8466557288614
367.2345516280379 291.64803155709575
480.79399321666517 528.4092523956145
769.4641027298035 218.59556607150188
286.6066863047829 44.233591950645575
851.5523499343699 770.0322518026276
148.94403944150204 819.4762538722835
162.83408683610867 832.6290944621836
673.0090243840887 666.3832363489546
314.4329330898389 465.3365841851722
978.945445093572 404.09487895634766
857.7316436118639 786.7563345792955
17.8089523358852 487.32928819281153
12.247437395058181 803.5504234188256
949.6492703940994 238.05138354190868
682.3585685875889 480.1051554605957
638.1686932630657 425.7184538993518
606.6187674060006 629.3974823211505
679.2898471793771 860.6631580108985
47.15228050053921 275.9901303124447
404.6298134092795 810.8485289240243
247.58899492507302 942.6636133257979
979.8329416694053 917.1027338626568
933.5190911116108 493.054828716496
947.2353509517002 799.9069050505319
689.7747206347753 341.54635802808286
12.392078907232595 225.79980272142996
159.68942628191584 167.32703314544162
984.0203642102745 17.290735977597226
289.24031622665115 680.1098674316611
184.70490832551113 236.244282235352
245.92286855476954 490.10840249146094
654.8477462006846 225.53823451379628
423.97799991363263 157.9103806392538
258.4071769736939 829.3085735486846
338.60539526981347 591.6036763538872
535.5195599483986 436.7241161498578
370.59042979806134 247.97271709140557
945.4316951615103 546.2286410499306
842.4883280872083 212.44381319611827
728.057481720929 997.207928266721
510.2227177131703 691.9492372489212
908.8091840754178 102.91615360492013
366.12809454271235 452.2789687596087
914.3392562464091 496.8676716343595
397.96168367195304 895.8067218919302
2.166382205100792 637.3585384466624
419.5990037162395 597.1185884721924
140.75382905230637 907.4688243807259
625.3740628066868 507.3600983480253
612.4294735574505 694.1778433095217
281.8257876137439 292.2113914288854
87.18633082391514 468.7960250664804
996.7507694110659 936.0815795154385
259.5582792294269 855.6668503279275
977.0581687125709 115.53997274025318
217.61759866738828 253.8121445512562
17.07973725745726 112.10830419997819
662.1868064413015 722.2673233767883
587.026054855347 249.52990611220739
168.1879542198905 383.8992579954543
263.67816950777876 152.44053058814677
413.9854013601866 644.9427869548808
708.4638078744493 988.7461365682454
819.9670498230639 838.0972345984912
509.0795002459554 397.4494546493259
442.02388097509646 850.5206634776737
531.9074670750263 632.2514967593047
101.50911354196468 721.9767248116909
101.82138898634096 172.8619734995367
931.8778740532604 670.141870788784
320.4613567744532 198.75424776268514
879.1545430718187 417.6744548950482
171.28767922035982 844.5796767986284
210.22891423143818 566.3639959232205
140.10164385058198 58.03698365029386
858.0469646628361 192.00877923031624
870.2015307762093 661.6060421692423
213.49834091682484 665.1854769888027
413.2159722748016 971.7062582540248
484.1836969326527 0.18014470252325498
750.2180426117541 668.982237977732
567.9469645074254 969.1624664022571
746.6903416266902 576.1858279015908
799.4285688221602 881.7616761423062
839.765856849026 986.6078513765552
36.69237741829845 636.0884167249002
406.40878605260355 540.7929686102392
66.1391244388938 436.0794027192081
171.08142175241227 380.1579900369021
392.53112764197175 616.1776513514749
882.7247562024951 977.8746740991666
642.2970411559213 494.82567358618354
316.48568140576106 764.1974983469
52.34346831673009 515.9320246946332
474.68716368892717 628.8154476905131
732.3693722455416 308.6957775911459
515.9765071367768 577.6153382084896
124.34492654757202 100.48494543187492
518.1805419601243 892.8698995933687
201.87246871463594 737.3016160714799
165.32962171265964 61.22474655210719
124.84080787323126 588.4974889224409
827.8307392459863 205.1626460518995
416.1870170842924 818.3744992226702
150.0420131533342 997.3280632574921
275.7750210966535 510.3829261473776
559.0896562143512 292.9586603363299
909.889780143009 263.17121206324066
303.977581816405 362.2557831088663
402.46046690583347 969.6087218440764
848.1195407744639 981.3088762881765
487.072698958816 760.9611916575096
596.2336368936021 930.8152272411338
853.2983743975763 462.06169135208677
103.5924420377874 720.1603666352016
893.3654471143115 988.3256309057406
232.55275223217254 50.73801145005563
101.17182471151199 985.9690127055009
253.9807930524548 20.88274037009674
515.0045455201193 493.48894961546495
319.71369532716744 23.670550356764906
86.13188201913124 184.0518538075977
766.1137958523858 957.8070459460988
699.113712118327 970.6857105738941
161.44667133810898 599.6722397755774
274.845818487342 659.7555864965905
69.64297154236243 3.8684390406353852
13.904298773927849 957.5030878153156
