150 391 15
0 14
1 0
2 10
3 11
4 0
5 3
6 10
7 4
8 14
9 10
10 3
11 9
12 12
13 6
14 12
15 6
16 5
17 14
18 11
19 1
20 0
21 2
22 2
23 8
24 0
25 9
26 3
27 7
28 11
29 8
30 10
31 1
32 14
33 8
34 6
35 4
36 11
37 7
38 2
39 8
40 6
41 8
42 2
43 11
44 11
45 2
46 10
47 6
48 12
49 0
50 0
51 6
52 11
53 10
54 7
55 3
56 0
57 5
58 9
59 13
60 11
61 5
62 7
63 12
64 9
65 10
66 0
67 14
68 1
69 10
70 4
71 0
72 7
73 1
74 11
75 1
76 9
77 13
78 2
79 7
80 5
81 5
82 10
83 11
84 9
85 10
86 4
87 6
88 2
89 4
90 7
91 0
92 14
93 1
94 10
95 8
96 0
97 11
98 0
99 11
100 14
101 3
102 13
103 13
104 12
105 13
106 13
107 10
108 14
109 13
110 10
111 0
112 4
113 6
114 8
115 8
116 9
117 7
118 11
119 14
120 14
121 6
122 8
123 12
124 13
125 14
126 12
127 14
128 8
129 2
130 8
131 9
132 0
133 12
134 9
135 6
136 3
137 11
138 2
139 3
140 1
141 10
142 3
143 4
144 13
145 4
146 9
147 0
148 13
149 8
89 136 33.0
81 110 57.0
21 131 30.0
106 132 56.0
100 131 48.0
18 144 28.0
41 125 79.0
28 94 91.0
112 137 97.0
60 124 41.0
21 100 30.0
26 32 98.0
27 28 97.0
90 143 82.0
44 65 80.0
13 139 20.0
84 145 76.0
70 113 55.0
61 84 23.0
14 122 17.0
10 102 49.0
0 123 3.0
50 147 5.0
7 115 58.0
43 74 59.0
96 122 14.0
60 97 48.0
55 75 24.0
9 77 76.0
13 126 24.0
97 124 20.0
68 111 33.0
12 111 78.0
4 147 45.0
16 80 20.0
67 107 26.0
112 132 31.0
12 83 66.0
83 111 87.0
52 127 16.0
138 140 46.0
51 77 7.0
123 146 85.0
73 109 58.0
25 142 100.0
6 146 40.0
61 145 99.0
2 110 8.0
25 140 70.0
17 42 16.0
3 82 32.0
87 125 71.0
36 113 58.0
22 58 36.0
106 112 33.0
2 81 27.0
33 115 24.0
96 119 48.0
0 20 96.0
9 72 68.0
35 129 39.0
57 86 50.0
5 24 2.0
103 134 99.0
68 83 78.0
85 105 18.0
6 99 51.0
20 95 80.0
23 141 31.0
18 61 70.0
126 139 12.0
0 146 58.0
8 37 66.0
93 135 95.0
80 128 26.0
30 64 28.0
46 117 28.0
44 59 34.0
41 87 94.0
61 144 65.0
7 33 7.0
119 122 13.0
88 118 77.0
29 79 72.0
3 92 56.0
71 79 80.0
88 116 1.0
68 108 78.0
48 90 2.0
59 65 66.0
73 115 63.0
56 111 70.0
30 127 10.0
24 124 38.0
57 141 32.0
23 118 60.0
4 56 51.0
40 47 21.0
8 36 62.0
99 147 1.0
91 98 21.0
83 116 33.0
11 143 5.0
66 87 61.0
62 88 6.0
32 85 52.0
38 71 67.0
1 120 18.0
9 51 44.0
116 118 50.0
140 142 79.0
11 40 46.0
15 46 24.0
5 117 40.0
29 71 66.0
12 56 13.0
19 62 35.0
122 138 41.0
16 128 39.0
63 76 15.0
69 94 76.0
58 92 84.0
65 135 11.0
33 109 75.0
19 133 76.0
11 90 87.0
33 73 28.0
53 80 10.0
17 126 60.0
62 133 48.0
30 52 76.0
99 121 99.0
82 92 5.0
24 60 79.0
48 51 21.0
72 130 43.0
66 131 92.0
15 128 63.0
19 71 45.0
38 88 18.0
26 85 44.0
23 108 43.0
48 119 51.0
90 119 67.0
29 38 46.0
6 123 51.0
108 111 100.0
4 12 57.0
50 99 4.0
29 102 70.0
66 100 16.0
8 46 95.0
28 69 95.0
1 133 66.0
106 144 26.0
5 60 56.0
13 69 61.0
37 70 35.0
105 144 30.0
0 95 38.0
118 141 70.0
52 95 73.0
60 129 98.0
41 66 71.0
132 144 8.0
22 72 1.0
95 127 93.0
120 134 23.0
87 120 57.0
55 114 39.0
1 87 6.0
42 75 16.0
0 115 37.0
97 129 39.0
0 7 54.0
50 114 46.0
55 94 52.0
8 113 33.0
96 148 73.0
0 6 30.0
75 94 64.0
6 147 58.0
1 19 48.0
69 126 19.0
32 45 77.0
125 133 33.0
139 149 84.0
119 143 54.0
24 97 8.0
10 29 28.0
102 104 71.0
44 93 2.0
56 147 7.0
14 140 22.0
22 130 84.0
2 9 80.0
12 50 30.0
28 55 7.0
7 123 61.0
64 108 96.0
122 140 2.0
24 117 71.0
7 107 10.0
27 121 95.0
68 118 92.0
49 76 67.0
14 148 45.0
78 143 35.0
121 136 68.0
40 143 28.0
31 44 80.0
107 123 66.0
26 45 62.0
87 133 9.0
31 93 13.0
2 72 89.0
71 88 91.0
35 97 76.0
63 97 21.0
56 127 52.0
28 121 90.0
37 57 92.0
30 130 9.0
22 92 42.0
48 77 69.0
51 90 95.0
38 118 21.0
50 121 7.0
12 147 14.0
54 58 61.0
48 82 9.0
9 92 55.0
7 67 21.0
23 57 39.0
10 79 99.0
75 114 1.0
78 119 2.0
8 70 54.0
19 79 36.0
39 134 14.0
64 130 1.0
20 73 71.0
10 98 59.0
26 98 44.0
134 145 48.0
25 82 98.0
105 132 13.0
119 148 98.0
54 92 24.0
77 82 72.0
122 148 64.0
39 145 99.0
42 126 30.0
43 137 81.0
95 147 87.0
47 78 38.0
15 37 26.0
57 70 61.0
43 112 71.0
81 109 98.0
24 53 93.0
108 118 44.0
74 137 16.0
86 128 68.0
77 92 50.0
53 128 32.0
99 123 100.0
114 121 17.0
20 115 71.0
8 117 71.0
98 102 82.0
66 120 93.0
78 148 68.0
34 89 40.0
3 54 97.0
43 45 94.0
3 142 53.0
39 105 74.0
99 136 32.0
38 70 71.0
34 136 98.0
1 134 92.0
59 91 69.0
35 76 40.0
84 134 72.0
105 112 61.0
9 22 60.0
30 56 21.0
50 83 99.0
39 144 85.0
67 89 15.0
45 91 30.0
67 136 74.0
100 120 60.0
52 81 61.0
82 140 54.0
104 113 65.0
116 133 25.0
45 85 53.0
23 86 27.0
82 122 65.0
69 149 84.0
83 133 19.0
27 34 78.0
59 98 31.0
38 113 5.0
52 130 17.0
82 142 35.0
35 63 10.0
2 52 53.0
84 103 35.0
56 64 64.0
57 118 57.0
39 85 87.0
51 110 92.0
39 61 92.0
57 128 21.0
31 59 19.0
60 117 68.0
24 46 33.0
51 81 92.0
82 119 29.0
38 102 62.0
127 147 51.0
38 104 9.0
98 104 34.0
33 67 57.0
21 42 93.0
41 75 61.0
85 112 68.0
34 149 30.0
83 114 77.0
94 126 58.0
100 103 83.0
16 54 67.0
1 39 65.0
104 135 94.0
15 57 93.0
42 66 66.0
45 98 34.0
52 73 92.0
22 64 65.0
40 81 59.0
61 103 11.0
34 69 61.0
61 137 46.0
101 142 92.0
34 67 73.0
15 24 92.0
28 114 66.0
65 98 76.0
114 133 88.0
36 135 17.0
86 108 35.0
22 86 98.0
36 117 49.0
17 21 99.0
117 129 58.0
85 98 94.0
140 148 88.0
100 134 53.0
54 128 74.0
10 39 95.0
58 128 64.0
34 121 83.0
58 86 57.0
16 24 5.0
41 42 17.0
38 57 70.0
67 99 83.0
33 40 11.0
113 135 79.0
101 140 29.0
3 101 11.0
35 135 62.0
21 126 35.0
43 91 5.0
33 47 99.0
100 126 98.0
31 76 50.0
24 49 31.0
36 129 93.0
61 100 27.0
24 54 43.0
59 74 4.0
47 67 33.0
101 148 87.0
49 101 8.0
31 74 35.0
49 54 51.0
49 74 24.0
