70.17316605769398 748.2251281433905
509.87291981013647 945.7850923038995
505.7211048511906 338.93254750137294
363.3708803737179 674.2563076856725
876.4164291915623 993.522019379372
930.1491269655446 57.547727512883505
449.2600159570095 529.1928339681161
655.2611588665638 920.1689635719126
266.84155840916355 372.82946069082925
878.6318839181147 676.7530854868764
227.04316644669842 50.617248851343
741.6088772718017 858.0748783796244
364.3954702828953 730.766177794494
647.680160423909 817.8026237378194
164.73926313985987 236.96601660161554
754.782502964843 293.23606279295745
727.4776128008116 754.9892413860639
382.98866202156864 128.00324487340941
880.3211620402284 137.61249553769684
499.48562647826765 616.6198581170128
563.8044175056432 247.1315261334237
635.8673231094318 965.5302727574922
31.567455556003267 310.94239968386074
208.98857466369836 602.5598603313862
741.2593694878997 975.6641473742179
204.64159341655485 115.90114756814862
958.1267510457318 923.6198272635713
7.950835941614609 987.2299921942421
343.9856401415535 950.9182123265632
971.7095052110764 574.9540210881461
335.9561699893536 309.0899944119906
744.5929644925205 810.3702982092022
167.03287707389038 441.77732409100236
138.4344058930842 547.8236522470876
687.392724674877 264.1520994375217
260.06492839055215 710.564745577832
392.67351972186424 23.1935784324091
992.386390482612 663.6339440614165
745.9985708921354 257.1298563658828
485.0316754801001 154.83409776704627
749.2793446700313 291.14826171994366
512.8708245931306 151.21858375545727
401.1581142278975 542.4417420697291
843.724507515695 36.37732529910953
193.38131535006775 970.4448869107313
28.626059669007443 508.04415116450383
48.22522678386698 705.9103930048963
395.0630725213413 161.25174333413085
600.5914035961227 95.24786272511487
916.9164572255515 180.49425105664784
635.4225455796497 608.0876848792732
853.279274896895 47.0402045817836
849.0999339396999 703.5903503296906
415.9984083170466 391.71720312528015
738.4029128467582 937.2267763804788
102.4255944678898 914.998622462233
701.6442992818156 832.3139739143095
848.1509737257228 545.2541252914356
720.3690370636139 825.1061946085613
870.9704152000418 179.05840965857
190.81605291188075 660.8236503445041
421.5816120766789 854.9535657049673
872.7603545560452 262.2702432938585
691.5842823117277 336.9529376057847
301.47756410360927 623.0434067758313
945.5082357202562 130.12633469555269
227.42525944197968 686.8025262432329
977.9979525577112 567.9139876910174
964.4379346585566 736.214210497612
274.9135142805985 990.0494498811668
606.0594172046723 813.6018554722325
754.8656816156914 100.30741318927528
701.6425652751392 515.800934905596
677.3412836153733 458.51177340013817
476.9163112979572 327.9212010000099
617.9994442424824 116.8320010262095
859.7808744966335 46.068751454156676
71.35747779002477 33.328798317261544
67.70016759084629 682.2226138516714
182.91741885638268 691.8873222223746
369.87040781550473 777.2471556492036
692.6516779487391 777.0031860228628
609.9640306783292 696.3166939283235
775.2082060216359 851.2343995859941
739.5191781199248 704.4085038191779
333.6138654884233 852.7804340185183
596.5026074226075 651.7048074840233
326.5982633144121 523.5399750488216
672.8560233999744 773.0090001123141
992.5323436115937 890.2686909479337
806.7077410051838 905.556728137332
161.36083764144848 115.73236573274703
974.3276833828857 818.1974970449543
77.09749177655124 672.259950706137
784.6923746098856 346.6247233642331
108.32283704341617 842.2172659251197
437.3797043773657 860.5829868178064
632.4633954885628 844.9575995197548
267.08480136560206 942.2969639729039
722.5058009842036 153.86167234729086
299.9830328895269 797.9588236031217
708.9667884722372 54.73449985914935
132.18473748163862 675.2232339364157
611.1125555373249 40.55636918632233
572.606444027794 282.80621303992115
382.5621002380576 464.70428373948494
523.4043738647819 449.1290585208463
791.8662981053982 358.8224857567179
609.2365839730635 288.38808970239984
895.9104979739994 417.85203493263936
819.9261178951353 508.8771652680678
243.75574671067645 262.24812707327084
243.39712003790657 775.4378842933514
808.3820988472964 316.9705917152832
863.8406227894902 859.9025995425072
264.7577045815395 654.8406724705515
227.85231253513928 803.2037687674306
9.94665660802796 180.58300049257082
649.3517474892562 60.58306649455491
747.7075534186089 922.6106115937082
159.5757100435351 207.4504613271122
786.6720608182255 635.9793757521209
805.579217133973 124.31619222368128
350.93359221136 2.2742130689398232
994.4089565974165 14.446758497198676
642.1697975103424 961.6311798755061
931.5567795480667 210.0054222175598
465.66234505034953 512.309576907702
821.1410635175605 872.3511797682378
206.35917178676277 38.04112489423217
171.51873247374218 857.2403909475405
452.2274665284004 243.99431283882234
843.7741440819766 6.886807235471637
46.164368787685596 757.8531924074481
991.9130974282647 178.62906223928232
79.25538713055735 423.26950467211344
537.6132389501153 478.95365816597445
173.7319185919226 899.001747971774
608.9349429821024 718.0165395227867
250.14703000652483 489.3408201941564
713.8615366127423 865.0360891695238
772.8216292206448 388.9150206823807
170.96693447480538 10.556245504062534
275.3230446893623 727.0778040485491
49.35601204445472 944.6405702596545
108.53373084522644 896.1647817363585
805.3289495397131 87.77280058491522
363.71811004769995 698.3421638704127
762.1352008065378 782.5518169176638
390.1453968498062 694.5546922666109
394.42206806599523 422.61364413521795
129.79558228268974 858.6962421295996
215.05593297802804 947.0698950455153
938.1549874070221 829.9753937522972
618.6810510758902 765.4330131664906
845.8574687927719 19.644725776681415
275.67535884088477 825.6939160547694
620.0606456612509 700.3748267644168
393.36370862901504 188.57965808525967
208.0492629603774 511.92524907787106
955.4070815597142 429.03472807993484
317.1511810766313 994.4330307108655
439.2471269496685 448.2007107496143
844.0800715767969 376.60717851249694
722.8158431805293 617.6189140004285
959.8894894465346 746.9525760610175
828.4355745617697 910.1248008242869
786.912077162935 73.484605955771
60.14321868473216 548.1428395368674
629.7122208523788 353.5645018963346
905.4980931045411 73.58141785489391
526.6248230838708 594.9856491503624
213.6099039302627 282.95928751233123
224.30440125112617 310.8271349299776
171.2945610299813 777.3003122549246
108.15510943877248 412.83241489413894
663.9729755729311 375.1393356540931
830.301231776483 626.1081185591445
930.2995249286514 83.34954013073803
376.84848772570643 465.6190978292032
785.2322207902178 432.46945216267875
284.0856574083923 995.2220010790081
904.6843183052143 17.72422418308217
300.45275929956284 565.9927619032612
858.0440628904882 120.34933927142488
821.3750567771294 94.67971720418855
481.19882605638696 46.15273254226082
92.83706203481768 307.7863549868457
64.39689050101028 72.75995887108822
552.0357185638089 789.647874382768
107.40034632296036 98.83149077239928
680.4039700478969 725.4117831476642
406.8139444886664 107.94619341775669
92.52180079844186 109.45324292977266
502.28168685985764 312.98822279490145
326.912730492648 727.9970979789321
85.58507326990505 556.9231815208705
406.5990452197202 344.739836617893
972.4517428274668 402.991991557994
60.69275107575878 855.6547124525114
280.3797819178474 145.48902535914243
549.7815081952591 627.9301128233642
624.2902331537498 833.8237157919176
939.1000615061197 36.546045063893914
919.6762934259119 276.2733101667988
775.654676568694 671.2409723568657
830.0023513821185 137.36794825666553
504.10743296776536 967.2519528352524
104.11081926595911 480.5880055273416
392.8353243594187 438.4122133006011
731.2677147553933 963.6089685575888
188.89419318921662 568.6935245587256
980.3669423164246 245.22528390033605
762.1787017047432 432.91805691800334
511.5380353180436 358.86288159133176
517.9799273449287 55.73830258708134
649.6571598240777 889.179508234126
110.41179731421668 572.8337706249213
707.4330087788073 110.94706485875916
177.00262167130444 177.0548868273414
378.8877920007151 33.40773425399557
512.4268384149925 262.8398383248071
243.6337354214213 631.9169438413035
168.45165141753304 593.8909094420902
40.983660797906715 257.53714647952586
797.3782460787791 181.19674328864122
991.8269188839095 95.25829206687308
375.5950817059398 711.2268692987262
41.415799454755046 141.9096178360695
380.52148318953283 271.70718574458874
254.10714544182943 400.36776415739496
213.6899926442104 619.2924215225337
500.9966230771029 22.322084523414997
432.9015489371321 591.6398362627351
201.8414809470077 683.1256917320421
185.88315073916473 148.78531431428533
835.0654552791557 870.2363158076648
755.1272093188313 151.49310330490363
558.1293984072632 479.16833583955463
728.4022461647985 672.8864819649956
264.3493264750069 502.3151356293767
690.4051873005409 522.9166695644514
332.521249590697 329.4528004941588
811.1793350284398 96.84764930812695
787.5811895408323 261.884139082445
803.047862502573 241.7968124828197
262.40617785975553 799.4261494689761
809.389057288963 619.374984745764
642.2300367209751 610.5491098693122
545.0833392506422 25.189900748044725
33.84170811997622 484.9744748747004
415.08822007533587 221.41050314867493
127.26360583702755 749.6340836274248
823.3806040125555 245.41076172534216
121.8607277883883 674.0486078966982
880.6108080557796 402.1484858050415
492.8975724428999 398.6568107791184
160.99380684884167 160.0915876289688
238.74016723514512 688.5699455771634
334.29279683734245 505.4905058196316
151.15497094498332 628.2882456455554
810.8252531759329 147.9087257775963
475.9228679123214 531.8078910960661
641.4821997407828 884.458854213348
447.82316832598434 725.8587573664687
217.44901956804574 337.32599493373283
313.7195626359516 455.3516596336915
227.78598730588985 170.26828501714496
963.233142414641 470.2244207059768
596.9418546516963 35.5870710226428
454.7300421112297 198.5966058334988
133.24199316737582 987.8576226396115
783.103436208365 151.59374480621224
698.8929010453077 691.1277713627861
177.66044775065083 56.07246797301813
428.9937058215344 60.529484966852955
377.32980486227353 830.3853450869422
522.6965101897138 830.985342601024
381.15980772045475 633.7261234768185
296.8252150742394 489.96037307009135
499.7134905524153 879.7972221530312
403.72985709414564 361.95309847440893
299.28289841792844 959.8153010315975
508.9680537183258 424.9030061687199
239.91916408878834 287.15330021114715
320.7877638425762 565.2343562530186
642.564939745948 429.3841216916509
392.4277059098148 602.6436299834176
696.4888407136248 544.9242842501563
856.7196287780733 377.8791962812308
953.9243180874485 509.8469059507367
49.203332162981894 450.43506085553895
667.5558193798327 462.98462141509157
158.83035284581038 498.9088746372952
915.0994972516452 570.4739373590824
56.523930593459056 684.4595332142092
53.871079295267464 957.009958371655
368.60489562344003 665.6625891756761
73.5580420979517 96.05567578643182
494.38589188600935 316.47581137901926
613.6271484343512 676.515792454116
643.4781195618855 62.87221348971206
788.0808215256253 112.04975174185938
894.7881315798263 883.7819791506664
159.90714034001596 789.0635063870311
421.6414282119346 694.1800519436301
397.70933595540737 786.2291105641526
321.1344640758801 539.1873395901551
248.61317506779557 44.08011518124666
920.353594871125 296.0686115936826
554.718998412145 447.54791389082794
231.2810558984254 946.3413871842691
595.9265297934742 411.7098696170214
706.7546165952924 635.0004142470331
14.01267401694739 598.996702497098
579.8339857682042 269.45793907574665
620.906200509712 902.1039189377865
411.9884750128644 189.02089636723417
543.9818996888054 222.02233670650162
245.25203743306255 54.29583918494618
717.8459579220233 783.8507411941192
202.29381577117778 318.3998778631497
896.4377635601492 128.07886940006662
697.572616647984 35.624879071633586
842.5687107959824 281.5593671419345
58.72233609397903 386.1988473255105
254.13339667540313 992.7856330178023
813.597702251483 887.7886826805586
561.3131082294101 384.9161277695461
64.99826779348771 269.48825675846075
884.1084191197025 726.9798036128914
276.5874843502656 603.6579170147975
208.5306251774386 996.3138232677782
992.8884711198269 920.9339746291624
218.76292588689427 419.5106737150526
452.67857771623966 309.2393382749952
525.6540347644509 255.32073876936846
613.785045893874 710.4435376886333
835.8123276639107 922.4233543741885
618.5426536767683 626.4132448532318
875.090654436394 660.7232895103766
857.9669602621184 48.72733687009734
25.823556923080247 9.711128468757657
97.55720144151614 763.0153894983521
128.6026468670176 875.7108822525589
804.3810053586902 984.8996194079258
402.3117749471391 745.0047093570511
654.915594304395 168.1962325282469
112.05128871559234 140.97636457738315
890.8088151118889 240.93642023408103
730.5306016518385 869.0532450072033
467.1685057510666 726.4353412215326
682.6453188366869 735.1258350146026
472.6086571771717 315.20397701987645
919.6277778504607 221.90189547207885
837.6850330039034 908.3703955957405
73.82624869518139 516.0214756196591
331.8834472832246 479.8820452825874
36.63920056959713 225.62965318534535
4.884159949127054 233.23208236494176
245.31212270936675 999.5235308166925
667.9683450997653 231.57941308844866
424.38334188843885 884.585881751454
24.782413868248643 678.3309206991783
172.64743600141074 325.825010633552
216.5440428035741 382.44489383071334
494.48685943347635 84.65629271172892
157.81674803685152 250.27040687061807
541.6077284139723 426.7285040122557
793.033463629497 170.73095364921997
441.02884732290727 6.837650282327856
728.531031818834 294.6701402132214
520.9713250195017 908.6223629814202
675.168545689694 843.1647163087624
460.9354170729295 356.98675011216983
544.4452237335872 807.572158142945
540.5650980695533 774.4652796986448
191.88506468628276 63.39120563861489
789.6294698122548 864.759014324545
158.23882688262458 209.76989976858607
723.0062159224275 354.8182315654304
304.9052952706448 61.72027911815181
482.5390816388955 926.232354018699
980.727241185499 642.3524399091692
39.68229890272546 142.7137101973459
341.0037527706655 498.72211183455886
760.3355301992866 417.42787541934456
961.1587767543351 711.9850674648795
913.5004926618445 814.6268292818219
114.06032886324058 608.4996115529163
532.176561007184 92.71931034934711
628.598638204558 946.6002885564869
579.5489422657676 542.5863156468208
362.3221325806113 849.8190559491859
871.0673667862975 890.0822979961947
12.51911697577357 939.357518715075
605.9299664721009 976.5602309190342
912.603836750141 234.59797725829446
882.88166227388 793.9865640321837
77.11618681486365 893.7834376694738
288.78749308633246 339.53613748913705
28.381366000250985 803.9568099135039
716.0584507872954 809.2206630118319
998.2323487264215 195.0479467004097
96.01931980594026 179.15931587130706
443.13794822586436 519.4325838928837
692.0287163022333 158.44496019391784
637.9043427404943 958.689144486822
939.9996556464688 461.79637829113483
828.1539146972223 383.755371744674
156.57618390821403 801.2816865625634
477.01926253164504 112.8670146976124
82.20816152540422 55.27334719143351
226.5414859959557 95.71325183442158
702.4098702621146 530.1971551646565
82.45195757975543 443.4102116793831
891.3996098052351 886.850571913036
177.59773626823772 824.6449369466897
828.785857564621 444.9324741202224
141.91443021488192 219.91924992523383
645.4336241141223 90.82532201514914
882.5099440831572 141.54691211482074
105.95948262551225 699.4724813743705
947.260089774748 210.09712300350725
471.78306839955144 227.48375591012493
588.4717744928996 223.23601275914385
776.1584836243544 2.6648861672731172
780.7480067003062 671.7775422946393
839.5941037902995 300.884380816738
516.787460880753 539.7619511495943
863.8806555928776 200.97189768875256
268.8851442079934 57.86849006527917
950.466370667795 57.72157514010212
703.7587329219257 424.0976681371015
929.8284685409368 860.6380185515574
289.3925176471007 741.166081753119
568.9897526355427 550.6784089632777
72.0815036897936 106.82792700420785
349.21468136471015 124.89039180369244
980.5860054850245 964.0552477100689
369.8210216003249 777.7148594083951
577.7987281533856 429.2371304933176
150.14311081258114 646.9590589361918
839.013879716028 432.24588104731197
912.3548407071011 669.3699664066288
521.4270089202462 236.93244049074946
258.89832422759815 812.7962348355298
908.4934860609836 627.4373355193723
836.560369130198 540.5420296454294
338.0008707285668 368.7879369567272
186.79189495129333 563.3459282821337
252.67098371932272 301.66391997524124
937.8571161757105 250.5154195852416
643.3088010245631 709.4525233435811
96.2509760053939 592.7446880033502
436.1346386717356 693.3410551876476
515.3222107813993 633.8846423314742
470.62425191902435 697.9515173709137
524.433453891315 176.8974491067452
892.5985246092382 440.42804192291675
685.3966110916642 388.11915350111235
497.8162650605203 868.4538992902947
660.5701832853857 530.1185709757647
572.6783067786844 861.1142381799298
380.20985843850065 163.97791820308584
51.64794213950308 439.8238111726552
782.6836106665355 581.258649832768
155.20089029540964 555.2140590580642
588.810475183726 460.72727075065853
699.8265367883984 931.7387881290052
591.4856229166058 125.61612745770657
100.52734687256681 567.610938653992
445.8323813542984 874.9056754932794
927.4520550834887 430.6316335229989
634.8387585171419 782.6734095240819
410.6423724473358 370.0848397498614
720.904936388467 49.106207918873544
830.3012199835706 399.4763044978176
14.475061224441754 677.5982441624905
809.4019498448661 623.3772096210221
755.5839813671561 439.5952601301173
183.72970441339265 547.7278137687366
833.995354056295 985.4966168922463
391.8369041487514 606.0047882678082
462.09396400458337 786.9586250490204
309.5904121169983 307.5825579875434
688.6365693376064 699.3148233336219
165.50556117873484 629.5768552793804
244.50242777437504 377.9239516957632
460.92225359755787 408.0707403546703
157.140925071246 512.8876800571912
777.3571203258845 247.5882232357858
257.9951876872653 612.8017404110261
853.933429377118 181.80871847481316
4.610120147294672 986.052063103263
806.3453220429129 695.6472137325616
351.0588742093742 677.6555586880962
915.6766102730729 477.81600691889423
891.6569539509549 100.04914557531086
321.7219568449825 516.7506478430095
