500 1178 30
0 26
1 8
2 0
3 20
4 8
5 17
6 2
7 4
8 9
9 20
10 17
11 27
12 13
13 3
14 26
15 22
16 1
17 1
18 8
19 3
20 22
21 10
22 12
23 3
24 3
25 3
26 29
27 24
28 18
29 19
30 13
31 25
32 7
33 10
34 19
35 10
36 7
37 26
38 13
39 29
40 7
41 23
42 18
43 19
44 15
45 14
46 17
47 5
48 6
49 29
50 25
51 21
52 25
53 23
54 7
55 6
56 28
57 12
58 22
59 27
60 7
61 21
62 10
63 29
64 24
65 10
66 22
67 19
68 25
69 1
70 14
71 27
72 5
73 3
74 11
75 7
76 11
77 7
78 5
79 26
80 14
81 20
82 28
83 19
84 19
85 18
86 1
87 7
88 28
89 28
90 0
91 25
92 11
93 11
94 25
95 11
96 1
97 14
98 21
99 22
100 24
101 24
102 4
103 2
104 22
105 25
106 27
107 6
108 20
109 27
110 1
111 3
112 27
113 10
114 15
115 4
116 2
117 11
118 26
119 13
120 25
121 5
122 12
123 12
124 21
125 24
126 1
127 11
128 25
129 29
130 19
131 19
132 20
133 8
134 29
135 28
136 25
137 0
138 17
139 4
140 4
141 0
142 27
143 26
144 29
145 18
146 27
147 0
148 19
149 17
150 29
151 25
152 18
153 7
154 25
155 8
156 28
157 0
158 9
159 11
160 12
161 6
162 7
163 13
164 5
165 21
166 20
167 29
168 18
169 22
170 22
171 0
172 0
173 11
174 16
175 22
176 11
177 17
178 28
179 11
180 19
181 3
182 9
183 10
184 27
185 6
186 16
187 24
188 2
189 7
190 17
191 17
192 25
193 5
194 9
195 13
196 14
197 10
198 5
199 27
200 7
201 3
202 8
203 21
204 0
205 3
206 3
207 11
208 27
209 19
210 20
211 28
212 8
213 22
214 17
215 0
216 10
217 19
218 26
219 5
220 18
221 3
222 5
223 9
224 15
225 5
226 21
227 0
228 14
229 28
230 27
231 19
232 10
233 20
234 28
235 25
236 27
237 22
238 26
239 28
240 2
241 5
242 0
243 13
244 21
245 16
246 1
247 1
248 19
249 28
250 24
251 13
252 1
253 2
254 14
255 27
256 13
257 3
258 21
259 18
260 17
261 12
262 11
263 29
264 5
265 5
266 13
267 26
268 0
269 18
270 26
271 17
272 23
273 24
274 9
275 6
276 9
277 3
278 10
279 19
280 9
281 8
282 21
283 29
284 21
285 28
286 24
287 26
288 2
289 2
290 19
291 19
292 0
293 1
294 3
295 17
296 20
297 27
298 28
299 7
300 2
301 1
302 8
303 3
304 21
305 23
306 2
307 8
308 27
309 27
310 22
311 10
312 8
313 9
314 20
315 24
316 22
317 26
318 27
319 23
320 16
321 13
322 20
323 21
324 24
325 3
326 27
327 28
328 6
329 11
330 13
331 28
332 6
333 27
334 2
335 18
336 12
337 2
338 4
339 24
340 9
341 20
342 13
343 3
344 11
345 15
346 7
347 27
348 15
349 26
350 3
351 8
352 29
353 2
354 23
355 3
356 18
357 6
358 21
359 15
360 0
361 23
362 24
363 5
364 3
365 9
366 18
367 29
368 9
369 24
370 22
371 29
372 22
373 22
374 2
375 25
376 16
377 5
378 6
379 1
380 24
381 16
382 27
383 25
384 29
385 13
386 11
387 28
388 13
389 2
390 20
391 2
392 0
393 1
394 9
395 24
396 4
397 13
398 19
399 20
400 10
401 0
402 28
403 17
404 3
405 26
406 15
407 12
408 20
409 16
410 7
411 14
412 29
413 21
414 26
415 21
416 23
417 13
418 27
419 8
420 5
421 1
422 13
423 3
424 21
425 24
426 26
427 1
428 3
429 10
430 21
431 7
432 21
433 22
434 29
435 28
436 24
437 11
438 25
439 16
440 29
441 25
442 4
443 21
444 19
445 11
446 3
447 1
448 4
449 28
450 23
451 13
452 7
453 26
454 2
455 23
456 26
457 3
458 28
459 10
460 21
461 22
462 28
463 14
464 0
465 0
466 5
467 27
468 9
469 1
470 5
471 18
472 9
473 10
474 16
475 0
476 1
477 9
478 21
479 15
480 28
481 26
482 27
483 9
484 2
485 0
486 12
487 14
488 15
489 21
490 26
491 1
492 9
493 0
494 1
495 2
496 13
497 11
498 14
499 10
80 440 6.0
228 384 17.0
120 379 65.0
76 341 40.0
287 483 99.0
27 494 22.0
247 479 5.0
18 421 30.0
303 416 43.0
51 341 58.0
205 427 54.0
125 407 85.0
211 450 46.0
105 179 100.0
15 40 26.0
118 301 58.0
21 407 79.0
50 248 92.0
87 499 31.0
194 299 99.0
138 337 55.0
213 480 88.0
166 355 75.0
29 67 7.0
216 263 66.0
259 385 79.0
191 352 49.0
3 297 99.0
363 478 45.0
102 254 71.0
185 243 81.0
69 181 100.0
281 475 74.0
308 319 60.0
73 292 67.0
146 243 4.0
298 437 66.0
82 157 49.0
291 465 28.0
326 360 23.0
217 471 85.0
225 369 22.0
78 295 27.0
66 258 8.0
280 461 10.0
6 405 37.0
68 165 99.0
157 337 100.0
57 448 76.0
304 410 31.0
163 289 83.0
3 496 39.0
132 155 81.0
273 486 78.0
144 296 43.0
101 476 52.0
72 241 51.0
392 436 100.0
74 353 40.0
78 93 29.0
97 202 84.0
246 446 36.0
241 414 61.0
293 490 26.0
128 236 48.0
94 107 5.0
338 355 73.0
43 51 75.0
166 338 35.0
260 487 23.0
354 397 1.0
305 455 81.0
14 367 61.0
103 269 7.0
47 464 54.0
104 315 29.0
221 336 49.0
391 407 35.0
11 350 32.0
213 386 72.0
24 210 93.0
126 423 84.0
409 477 11.0
288 414 83.0
150 209 18.0
450 481 70.0
274 377 22.0
152 311 87.0
418 443 68.0
174 304 47.0
9 340 22.0
58 402 85.0
87 307 59.0
96 472 85.0
61 96 83.0
126 354 49.0
43 155 45.0
259 499 58.0
151 344 53.0
140 350 79.0
36 220 68.0
128 327 83.0
59 493 44.0
54 119 79.0
23 231 11.0
197 281 49.0
163 409 36.0
147 227 89.0
244 491 40.0
134 403 21.0
190 193 76.0
33 467 98.0
196 471 98.0
10 319 20.0
158 317 17.0
260 442 21.0
18 322 27.0
336 445 27.0
189 376 5.0
90 327 82.0
379 419 34.0
139 240 77.0
284 451 99.0
264 351 56.0
189 375 92.0
324 428 21.0
87 259 68.0
83 378 96.0
55 145 45.0
204 309 83.0
143 435 84.0
56 58 76.0
82 300 53.0
81 88 63.0
21 391 71.0
5 432 79.0
183 285 90.0
135 415 10.0
136 238 85.0
394 416 51.0
193 437 69.0
30 242 42.0
245 253 30.0
331 492 56.0
2 214 91.0
335 353 74.0
79 234 94.0
74 299 58.0
357 385 24.0
69 326 58.0
40 371 51.0
177 479 35.0
156 446 63.0
297 496 65.0
122 302 53.0
272 369 46.0
430 493 4.0
82 138 27.0
299 353 100.0
206 261 74.0
109 255 23.0
127 262 17.0
149 227 46.0
90 166 29.0
1 207 87.0
101 323 99.0
53 475 60.0
35 143 41.0
12 227 33.0
386 480 45.0
349 397 99.0
109 459 30.0
5 203 84.0
241 288 80.0
8 488 3.0
46 295 86.0
59 430 73.0
180 213 43.0
193 298 49.0
173 321 34.0
146 167 98.0
219 257 69.0
19 456 61.0
362 472 25.0
6 127 45.0
154 474 15.0
45 250 77.0
164 313 84.0
389 454 72.0
319 431 74.0
222 492 6.0
3 147 96.0
122 261 5.0
10 129 49.0
265 321 69.0
37 383 83.0
230 488 53.0
217 454 22.0
68 387 29.0
77 412 26.0
276 393 67.0
310 368 58.0
268 408 47.0
60 234 53.0
50 339 46.0
157 453 62.0
188 412 1.0
188 298 31.0
176 460 71.0
2 299 74.0
111 284 70.0
312 441 55.0
244 245 19.0
320 402 46.0
454 471 3.0
131 424 24.0
197 475 15.0
5 178 57.0
66 234 100.0
0 133 58.0
121 479 37.0
285 307 9.0
81 320 81.0
30 485 85.0
172 284 2.0
170 178 1.0
166 327 78.0
224 329 55.0
168 196 90.0
323 476 81.0
318 445 22.0
95 151 58.0
263 316 74.0
56 402 38.0
70 202 53.0
54 210 46.0
235 257 10.0
191 486 45.0
173 265 94.0
47 158 87.0
221 445 72.0
20 315 83.0
243 302 17.0
48 75 65.0
236 327 58.0
158 464 98.0
75 470 73.0
62 349 17.0
14 379 88.0
261 272 88.0
237 272 32.0
160 473 23.0
301 420 72.0
122 243 59.0
39 41 31.0
174 410 22.0
121 247 67.0
41 458 53.0
18 184 51.0
106 283 85.0
105 209 57.0
365 488 93.0
13 202 16.0
31 58 21.0
173 284 15.0
322 498 76.0
14 419 38.0
248 339 55.0
31 402 55.0
56 373 79.0
145 344 78.0
351 457 24.0
87 385 45.0
85 393 29.0
106 368 22.0
153 388 64.0
180 386 53.0
408 497 93.0
306 440 54.0
289 409 41.0
129 377 76.0
5 170 98.0
310 441 83.0
196 217 43.0
467 481 16.0
337 453 3.0
345 482 13.0
278 483 57.0
194 353 70.0
146 302 8.0
25 413 65.0
172 173 46.0
397 452 16.0
170 498 100.0
44 332 32.0
254 422 71.0
354 423 93.0
86 300 79.0
16 320 27.0
266 357 56.0
321 364 38.0
114 236 5.0
74 335 69.0
112 246 84.0
35 258 68.0
89 333 74.0
241 462 64.0
135 175 26.0
256 283 6.0
99 406 42.0
2 74 82.0
186 232 27.0
415 465 58.0
114 394 72.0
0 343 62.0
160 198 18.0
141 386 32.0
13 97 73.0
17 192 32.0
115 222 69.0
106 310 29.0
61 472 64.0
410 417 65.0
7 216 48.0
149 305 37.0
155 341 24.0
145 399 38.0
204 452 61.0
64 331 4.0
242 485 80.0
153 434 59.0
238 310 86.0
112 116 10.0
44 152 8.0
21 396 34.0
277 375 73.0
20 318 14.0
60 79 63.0
135 465 19.0
53 281 37.0
224 358 14.0
295 363 24.0
128 378 8.0
211 223 8.0
116 446 89.0
222 231 13.0
47 317 89.0
251 317 100.0
252 343 73.0
178 432 28.0
450 467 34.0
358 359 42.0
283 368 12.0
99 237 42.0
38 491 43.0
184 206 62.0
31 148 84.0
49 126 73.0
55 399 95.0
106 136 61.0
161 181 92.0
130 417 67.0
74 374 14.0
366 411 44.0
327 378 40.0
256 489 48.0
441 468 68.0
84 239 83.0
102 442 30.0
270 424 72.0
86 339 60.0
122 185 25.0
408 473 38.0
3 149 40.0
1 382 28.0
443 477 65.0
17 438 28.0
354 452 46.0
109 473 45.0
255 289 23.0
289 477 78.0
38 40 50.0
11 83 4.0
278 297 49.0
20 425 76.0
9 444 71.0
264 455 5.0
239 273 11.0
19 171 44.0
240 279 45.0
116 246 92.0
26 333 96.0
168 356 77.0
56 140 44.0
108 315 65.0
201 456 73.0
427 495 51.0
120 219 16.0
113 428 34.0
71 302 39.0
122 272 85.0
17 47 84.0
138 453 9.0
107 141 80.0
102 422 82.0
136 310 4.0
110 448 5.0
238 468 95.0
223 487 68.0
280 372 2.0
62 324 42.0
217 389 92.0
225 261 82.0
98 311 65.0
63 380 1.0
459 473 35.0
381 431 61.0
121 427 71.0
279 357 55.0
98 282 12.0
100 156 73.0
332 360 23.0
388 398 5.0
121 205 76.0
193 348 74.0
334 365 68.0
15 38 3.0
172 321 81.0
144 395 12.0
215 366 59.0
234 258 89.0
196 454 95.0
13 373 97.0
13 474 83.0
215 232 46.0
7 391 2.0
33 217 52.0
391 396 58.0
12 195 76.0
53 150 33.0
250 291 34.0
75 420 10.0
25 235 32.0
34 361 100.0
94 113 26.0
186 215 92.0
92 153 12.0
400 485 15.0
7 263 90.0
347 406 9.0
366 390 92.0
114 416 39.0
167 302 22.0
1 372 60.0
191 273 49.0
54 469 44.0
181 360 80.0
20 336 90.0
114 303 46.0
88 352 96.0
95 344 34.0
205 495 76.0
11 58 11.0
182 203 70.0
59 421 1.0
103 301 30.0
23 211 1.0
33 490 20.0
93 422 97.0
242 449 61.0
195 435 32.0
8 400 69.0
9 52 62.0
77 188 6.0
60 487 10.0
171 201 77.0
191 453 61.0
433 460 96.0
169 176 67.0
12 346 49.0
171 456 28.0
97 263 85.0
259 279 7.0
268 290 82.0
215 249 19.0
253 324 37.0
264 305 53.0
236 394 23.0
91 235 30.0
38 371 6.0
348 404 1.0
23 223 80.0
306 346 83.0
199 399 69.0
262 429 72.0
298 412 31.0
130 151 5.0
130 137 60.0
123 220 77.0
286 292 19.0
160 268 9.0
233 287 92.0
78 422 81.0
303 434 69.0
87 285 48.0
52 330 16.0
444 447 57.0
129 319 40.0
135 325 8.0
35 435 61.0
190 348 15.0
69 161 31.0
18 59 23.0
115 258 38.0
295 478 11.0
39 411 82.0
84 273 68.0
212 452 46.0
208 415 77.0
78 363 2.0
4 482 73.0
159 481 1.0
73 433 9.0
131 251 78.0
7 125 31.0
52 495 69.0
72 462 24.0
233 483 39.0
224 359 2.0
20 445 21.0
239 313 21.0
100 446 25.0
312 328 85.0
270 317 35.0
481 490 51.0
459 497 69.0
214 256 72.0
107 409 28.0
46 478 60.0
119 210 21.0
132 341 33.0
300 453 24.0
140 373 31.0
183 331 51.0
64 492 47.0
129 142 82.0
333 439 45.0
242 400 84.0
60 66 22.0
44 311 16.0
277 461 21.0
48 420 97.0
10 413 12.0
265 365 70.0
316 391 73.0
99 218 8.0
28 282 91.0
162 489 90.0
204 349 10.0
251 270 5.0
45 356 28.0
49 59 62.0
149 455 68.0
57 110 60.0
7 469 56.0
346 440 87.0
328 368 23.0
26 439 91.0
265 364 74.0
453 486 71.0
416 434 90.0
247 466 84.0
228 437 99.0
194 214 33.0
273 352 74.0
315 425 15.0
235 267 88.0
166 394 27.0
63 176 69.0
179 357 78.0
12 440 67.0
205 239 99.0
187 329 18.0
395 494 66.0
120 257 25.0
162 209 38.0
97 216 57.0
11 56 65.0
0 46 30.0
174 417 28.0
139 159 4.0
11 31 78.0
53 489 51.0
338 394 19.0
42 405 17.0
349 452 1.0
117 384 33.0
268 497 27.0
212 423 8.0
2 374 71.0
69 98 44.0
138 154 93.0
335 374 42.0
276 306 70.0
119 469 23.0
65 322 3.0
85 276 22.0
66 115 7.0
318 458 58.0
264 346 17.0
133 401 52.0
280 382 16.0
194 335 70.0
257 379 97.0
286 312 46.0
290 497 16.0
6 42 1.0
218 406 61.0
170 203 70.0
380 460 97.0
300 339 74.0
9 330 24.0
424 445 67.0
61 276 59.0
189 277 18.0
137 344 78.0
62 428 73.0
159 293 27.0
159 490 41.0
45 168 31.0
36 370 94.0
374 489 90.0
28 161 82.0
126 349 78.0
194 221 73.0
71 237 84.0
252 304 71.0
23 487 45.0
34 371 68.0
219 267 23.0
77 342 16.0
60 260 16.0
195 227 10.0
133 343 69.0
295 422 88.0
149 346 76.0
46 133 99.0
16 84 96.0
174 252 67.0
36 275 99.0
202 474 83.0
98 152 51.0
192 275 7.0
117 358 94.0
461 472 37.0
86 201 46.0
41 411 19.0
256 374 26.0
257 348 13.0
389 442 57.0
249 269 18.0
105 357 5.0
76 182 74.0
143 258 59.0
403 423 29.0
278 496 63.0
22 329 99.0
429 436 60.0
268 473 85.0
202 263 57.0
105 385 19.0
20 221 67.0
180 443 93.0
269 301 88.0
95 145 84.0
277 280 25.0
25 377 95.0
433 480 49.0
118 323 87.0
305 346 4.0
47 192 77.0
116 417 65.0
255 473 75.0
261 493 73.0
279 307 56.0
311 332 25.0
27 296 96.0
33 223 63.0
107 163 92.0
16 402 4.0
164 239 94.0
389 487 64.0
79 442 73.0
159 450 79.0
226 432 68.0
180 477 1.0
35 115 14.0
109 289 74.0
245 324 61.0
182 341 72.0
171 429 17.0
178 322 15.0
71 122 79.0
101 218 65.0
119 350 15.0
32 334 43.0
223 389 27.0
312 368 6.0
18 49 44.0
91 190 11.0
177 340 6.0
29 294 33.0
53 374 58.0
49 430 74.0
251 424 22.0
400 449 90.0
122 237 11.0
294 447 97.0
168 454 33.0
16 88 42.0
37 387 76.0
32 293 34.0
144 399 100.0
112 143 82.0
16 31 9.0
65 226 70.0
70 463 10.0
81 474 9.0
200 267 63.0
30 229 57.0
176 286 17.0
277 463 70.0
244 324 88.0
273 453 97.0
51 170 60.0
106 256 53.0
308 381 2.0
25 267 83.0
277 376 66.0
172 364 93.0
27 144 4.0
124 203 50.0
137 151 42.0
30 449 23.0
101 118 65.0
445 458 95.0
253 430 100.0
60 222 38.0
95 399 57.0
141 380 82.0
371 380 1.0
0 422 39.0
375 463 39.0
351 484 9.0
8 265 95.0
42 287 26.0
92 388 69.0
96 461 20.0
144 494 94.0
207 372 60.0
229 251 42.0
53 162 78.0
2 256 71.0
45 291 38.0
15 94 71.0
22 187 70.0
90 119 12.0
286 433 33.0
149 278 43.0
41 390 37.0
124 432 80.0
72 73 39.0
135 208 34.0
71 99 57.0
44 271 76.0
208 291 67.0
178 226 16.0
264 484 91.0
257 419 90.0
83 236 18.0
51 146 69.0
338 482 23.0
183 492 78.0
75 347 44.0
95 410 3.0
316 463 9.0
151 410 83.0
137 152 29.0
104 221 26.0
237 406 19.0
24 345 28.0
179 266 69.0
343 422 66.0
330 444 73.0
246 435 66.0
42 483 30.0
136 429 6.0
6 233 63.0
110 418 89.0
172 367 21.0
71 101 89.0
347 361 21.0
286 441 16.0
387 444 52.0
11 119 51.0
180 409 70.0
291 325 50.0
137 145 42.0
177 466 37.0
18 65 46.0
25 274 100.0
216 469 62.0
40 94 3.0
49 349 31.0
283 328 58.0
281 449 72.0
121 164 97.0
107 386 94.0
1 280 93.0
119 140 19.0
14 172 78.0
84 495 73.0
352 474 27.0
29 290 19.0
257 267 99.0
304 343 28.0
257 404 92.0
132 426 56.0
240 266 64.0
140 469 27.0
108 425 15.0
48 390 43.0
114 398 79.0
168 314 87.0
121 239 62.0
10 25 52.0
26 434 23.0
127 162 15.0
225 491 23.0
285 385 51.0
193 404 7.0
83 148 67.0
9 177 59.0
291 356 67.0
18 261 31.0
192 411 75.0
253 493 70.0
173 400 21.0
154 352 22.0
275 411 100.0
79 260 43.0
362 393 65.0
162 405 77.0
94 428 2.0
362 382 94.0
167 426 90.0
33 356 80.0
139 266 71.0
112 174 45.0
426 476 12.0
98 161 2.0
383 387 38.0
479 495 5.0
21 469 20.0
263 463 17.0
373 474 44.0
100 440 94.0
61 306 50.0
380 386 63.0
270 458 45.0
162 256 89.0
346 484 19.0
183 240 31.0
418 480 86.0
177 495 43.0
154 191 63.0
64 496 27.0
335 475 5.0
44 137 7.0
42 385 70.0
67 383 49.0
119 327 93.0
459 477 83.0
267 413 40.0
102 252 21.0
57 466 18.0
9 495 89.0
77 190 52.0
277 484 74.0
49 134 72.0
123 381 27.0
280 463 92.0
358 404 1.0
43 426 11.0
113 491 7.0
183 279 74.0
404 437 68.0
136 392 17.0
442 454 5.0
94 371 32.0
104 194 64.0
139 334 32.0
270 445 68.0
361 406 6.0
364 367 65.0
176 312 55.0
32 365 79.0
93 442 47.0
164 288 7.0
28 98 79.0
197 229 98.0
150 449 75.0
456 457 46.0
222 487 73.0
11 148 41.0
33 168 10.0
330 387 22.0
154 376 96.0
289 428 92.0
425 458 2.0
395 399 33.0
55 271 32.0
90 345 47.0
361 425 18.0
218 301 40.0
314 363 20.0
101 167 20.0
79 252 98.0
64 278 18.0
73 480 9.0
39 317 4.0
124 226 31.0
68 330 59.0
209 266 81.0
278 455 13.0
230 266 54.0
89 153 73.0
239 495 54.0
136 262 51.0
32 159 63.0
229 335 82.0
398 434 92.0
6 162 16.0
105 405 52.0
17 275 15.0
93 454 28.0
38 361 49.0
406 420 51.0
417 446 33.0
29 447 85.0
112 417 12.0
190 274 37.0
392 468 91.0
14 111 86.0
320 474 57.0
86 456 4.0
56 474 43.0
85 440 87.0
324 430 91.0
443 480 24.0
330 495 8.0
228 358 28.0
96 306 79.0
458 470 3.0
90 482 22.0
390 458 19.0
142 308 85.0
75 406 59.0
271 296 66.0
323 426 6.0
131 194 25.0
173 485 84.0
154 375 51.0
402 474 11.0
187 325 11.0
30 281 43.0
50 392 37.0
79 174 55.0
142 319 49.0
19 457 35.0
38 113 44.0
273 300 67.0
103 323 92.0
170 185 41.0
150 266 90.0
333 434 91.0
50 436 14.0
50 201 66.0
50 164 11.0
19 262 46.0
435 440 12.0
229 317 9.0
95 401 83.0
138 376 54.0
51 426 36.0
461 484 94.0
83 114 26.0
139 230 75.0
48 249 96.0
146 426 60.0
380 480 53.0
104 169 94.0
278 285 59.0
36 186 33.0
329 419 30.0
198 255 56.0
45 314 84.0
194 328 21.0
235 274 24.0
229 281 43.0
26 394 86.0
261 498 32.0
245 261 26.0
102 343 13.0
110 480 17.0
145 271 7.0
414 466 68.0
90 210 33.0
106 262 75.0
57 497 25.0
329 404 64.0
32 139 52.0
292 441 21.0
85 362 93.0
35 496 45.0
35 64 34.0
170 243 9.0
425 470 5.0
101 302 62.0
200 319 13.0
156 417 16.0
253 261 1.0
30 284 77.0
237 491 35.0
294 340 21.0
78 314 25.0
19 455 16.0
110 459 69.0
68 398 22.0
226 403 25.0
317 411 57.0
316 372 30.0
111 379 81.0
111 120 5.0
211 240 99.0
110 497 14.0
226 322 46.0
177 294 79.0
183 231 72.0
250 325 59.0
300 313 45.0
207 396 52.0
394 482 79.0
17 381 56.0
108 176 90.0
176 328 74.0
79 112 35.0
289 309 73.0
266 488 99.0
17 200 46.0
28 362 69.0
35 147 89.0
82 376 36.0
164 339 55.0
95 133 42.0
29 268 88.0
156 440 84.0
31 84 72.0
154 463 14.0
48 366 95.0
34 425 5.0
301 406 62.0
342 437 82.0
229 464 66.0
4 439 14.0
175 364 13.0
77 274 82.0
278 331 80.0
130 156 22.0
10 200 44.0
3 35 25.0
271 399 29.0
246 440 13.0
135 293 53.0
364 419 45.0
75 425 77.0
361 491 20.0
85 98 19.0
57 290 79.0
183 211 63.0
48 458 38.0
139 365 20.0
122 170 2.0
9 294 63.0
44 145 69.0
317 458 60.0
255 309 25.0
82 456 85.0
34 176 30.0
372 391 5.0
207 362 52.0
47 200 7.0
244 261 41.0
266 400 77.0
72 110 6.0
133 410 70.0
135 490 52.0
36 366 14.0
110 414 40.0
204 289 21.0
19 278 19.0
10 267 55.0
249 420 100.0
170 261 61.0
96 346 100.0
148 398 89.0
329 364 46.0
83 398 79.0
111 200 81.0
280 316 75.0
358 437 32.0
164 300 67.0
275 381 94.0
75 361 44.0
93 168 52.0
27 271 21.0
13 469 80.0
49 324 20.0
72 468 49.0
319 438 100.0
207 391 84.0
194 251 34.0
29 57 53.0
121 288 23.0
394 439 92.0
228 342 52.0
342 384 59.0
78 168 94.0
150 400 33.0
247 288 77.0
120 200 73.0
29 387 79.0
54 396 53.0
277 457 60.0
142 381 33.0
67 387 82.0
124 132 8.0
73 110 84.0
85 152 36.0
30 464 83.0
249 323 35.0
50 468 85.0
17 319 90.0
274 342 41.0
255 452 87.0
85 130 41.0
67 198 94.0
98 362 83.0
111 464 26.0
176 425 10.0
124 403 67.0
89 387 64.0
129 342 52.0
401 494 90.0
284 464 87.0
161 207 98.0
22 45 74.0
277 456 55.0
345 396 40.0
124 426 53.0
342 359 21.0
37 89 63.0
249 426 2.0
27 360 14.0
198 383 61.0
123 342 37.0
360 396 10.0
333 403 83.0
