100 209 10
0 0
1 6
2 7
3 8
4 0
5 7
6 7
7 9
8 0
9 4
10 2
11 0
12 9
13 4
14 3
15 4
16 0
17 8
18 8
19 4
20 1
21 4
22 4
23 2
24 9
25 9
26 1
27 4
28 9
29 3
30 4
31 8
32 1
33 2
34 1
35 7
36 3
37 9
38 8
39 7
40 8
41 6
42 6
43 2
44 7
45 7
46 0
47 6
48 7
49 9
50 6
51 6
52 1
53 0
54 7
55 7
56 8
57 5
58 8
59 5
60 5
61 1
62 1
63 0
64 4
65 0
66 5
67 7
68 9
69 0
70 9
71 8
72 1
73 7
74 6
75 5
76 6
77 7
78 3
79 7
80 8
81 7
82 5
83 4
84 9
85 6
86 1
87 2
88 4
89 8
90 0
91 1
92 8
93 2
94 7
95 6
96 1
97 8
98 0
99 4
33 70 34.0
19 89 18.0
14 31 78.0
69 92 76.0
57 68 64.0
18 99 98.0
28 51 49.0
16 56 20.0
56 98 30.0
5 10 93.0
15 82 51.0
44 74 37.0
56 58 20.0
33 83 62.0
16 98 27.0
11 44 69.0
49 99 3.0
15 19 31.0
36 71 84.0
17 47 13.0
52 54 24.0
28 90 73.0
6 73 73.0
1 50 85.0
8 54 70.0
7 53 39.0
15 89 97.0
64 67 81.0
76 89 20.0
0 83 92.0
72 77 27.0
18 49 23.0
3 59 95.0
63 75 44.0
21 79 3.0
17 95 58.0
39 89 12.0
66 96 7.0
51 90 94.0
44 85 75.0
18 64 36.0
8 55 10.0
0 33 59.0
3 41 19.0
27 50 48.0
76 82 71.0
13 85 13.0
67 99 73.0
15 76 31.0
64 99 42.0
34 67 78.0
46 96 92.0
29 40 53.0
1 26 89.0
41 72 54.0
45 58 82.0
12 62 67.0
9 27 61.0
36 63 13.0
54 93 73.0
20 84 90.0
26 87 52.0
4 23 40.0
68 76 98.0
21 51 34.0
21 28 66.0
24 65 58.0
38 64 97.0
14 87 78.0
53 96 29.0
20 46 34.0
48 88 82.0
29 43 83.0
11 85 33.0
31 87 88.0
57 89 36.0
36 72 33.0
4 10 63.0
8 93 78.0
40 65 90.0
13 84 62.0
39 57 49.0
0 73 75.0
26 64 39.0
3 71 51.0
14 77 58.0
43 80 62.0
24 75 96.0
49 67 7.0
45 88 33.0
31 77 21.0
34 81 41.0
41 71 16.0
23 43 65.0
27 39 54.0
16 78 77.0
36 75 52.0
22 25 97.0
20 71 2.0
6 29 79.0
4 5 12.0
7 66 6.0
9 52 92.0
94 98 96.0
54 55 36.0
1 87 94.0
1 27 66.0
23 40 51.0
4 86 73.0
16 45 78.0
64 87 86.0
2 25 41.0
32 49 100.0
12 59 75.0
51 79 11.0
2 62 59.0
35 45 75.0
3 12 14.0
52 55 90.0
22 35 36.0
60 91 35.0
38 49 97.0
60 74 46.0
59 96 3.0
94 97 80.0
24 63 98.0
20 36 46.0
67 87 63.0
48 69 3.0
16 94 82.0
11 84 43.0
26 27 37.0
46 84 45.0
78 88 23.0
84 85 63.0
34 49 65.0
88 92 44.0
34 77 74.0
24 40 23.0
30 42 83.0
53 62 9.0
2 47 25.0
39 86 72.0
12 41 65.0
60 85 20.0
31 36 53.0
15 27 16.0
47 79 76.0
3 46 65.0
27 86 6.0
3 96 67.0
6 80 32.0
14 67 30.0
2 79 69.0
35 58 91.0
7 94 35.0
30 60 93.0
6 13 50.0
25 53 11.0
15 52 1.0
0 85 44.0
7 22 58.0
38 54 1.0
42 70 47.0
17 79 71.0
66 97 73.0
1 24 28.0
33 80 72.0
17 25 69.0
6 65 96.0
7 25 8.0
12 77 47.0
4 57 31.0
67 77 92.0
10 80 43.0
30 33 44.0
4 68 84.0
13 36 67.0
66 84 70.0
5 80 73.0
78 92 17.0
28 81 11.0
9 15 39.0
0 13 30.0
26 52 19.0
17 22 14.0
22 45 35.0
51 81 78.0
7 98 64.0
51 61 12.0
32 54 29.0
7 56 4.0
7 97 65.0
91 94 30.0
21 81 9.0
37 95 27.0
22 95 20.0
30 91 100.0
24 27 16.0
12 79 97.0
51 95 61.0
6 36 85.0
37 51 41.0
1 36 23.0
16 91 73.0
60 66 65.0
88 95 100.0
61 93 57.0
37 48 72.0
