811.850969376615 839.6297049715469
292.73297781379983 764.9360811913781
445.98122937923523 286.215897111138
517.4019782918306 510.267511614438
462.6342033148295 875.2526941544919
463.930915180264 967.4588175739958
703.6161917741406 823.2944258359767
689.0800148152393 349.8115152001735
36.635486847853116 840.4439552505072
182.15711106036701 771.3271111717958
474.3279372701963 947.6541038526964
780.4834357653901 598.9089332787777
483.0292357604995 411.23339783607923
725.2451650428392 658.4598043975748
394.43241522370323 653.4397177201444
182.88898325923907 970.4334330404179
913.7146777974932 254.89116867077243
421.94107533025925 113.98263195509439
186.2255483943127 626.2348541388578
213.0014235977442 951.2695508826238
646.3820242897052 564.2875006086716
276.8283580200251 275.51642203981254
612.0842270359146 195.31947169021237
524.7386807661453 889.2780394753574
468.03701009722477 755.4315463675372
539.2535018039421 248.19221408106827
274.57835848741155 708.1947222053162
216.1911881551223 822.1318340800616
225.2889490752351 316.22895746579627
621.20584647326 863.621052049614
995.0806613687051 828.9575524454476
400.8651725721367 662.4703784740689
61.54285063516174 587.0739543574097
816.3239954601814 894.4547766021589
295.5058330230627 576.048809855267
712.8529495735442 234.53165959589094
539.9446849527773 608.0572851666683
144.9506627814673 32.88165406405608
193.15779431426984 692.3811096239401
235.1008846631244 904.3561067304486
587.2735356401572 815.1455104756106
477.8538209835528 548.5830119399598
984.8090530458 963.7108650315389
597.2383460149575 930.3818002979046
804.7505263186669 623.4424278891776
817.3618375398751 238.0511627384869
671.8401276320766 498.45966272446987
422.52342089583186 152.13490981745258
776.1814192854971 132.7799556060746
164.666377124982 585.601993891652
256.08469437835225 784.1735469537649
218.67279766256098 304.5329311543475
103.77714993437948 820.8602361277236
653.0758290032094 372.704057878843
66.01079265132171 809.912879952702
24.599579093807723 893.5622277014944
897.9191815056706 261.05769693051775
294.6764665869166 949.9749606273153
874.2776066713051 258.1952064931405
555.9216362199796 484.8969981732153
919.4190015738691 681.8618475018189
6.276337296967416 240.14606628472103
517.8947872845221 361.64980477088784
541.843085401693 669.7453600807605
236.64219591575596 642.3508166318959
533.414375882713 763.397669440868
707.9488812764391 440.08062422443675
242.55762327310615 599.3309978739812
292.31551328367425 962.6912174466095
841.7905839872719 27.25359372423497
822.4393005044794 899.6261830999792
556.6836589188309 575.3840211524306
466.9476233000093 607.6441484837333
736.8492951388678 845.5822242771826
827.905898516947 619.4965706862695
497.46062068884345 682.8424216263354
235.43996926938559 992.8382937083354
428.4293586107183 585.0029544314656
966.46670562351 188.9743803067706
293.2810740425484 232.17514148948405
658.9740643337443 976.3540990164233
241.01535864763312 514.2409312396724
179.39721551722198 993.1527321983042
834.561541127405 877.6686848918316
657.5741623850536 626.3399669702325
780.5597834295064 670.3120815461236
365.6345995530579 864.722792301267
329.99282529421237 677.1859327417236
840.4701084813188 161.95924230742065
221.68985406179843 951.1641936429562
227.6979022456833 355.89351929434974
940.2454183585857 574.953005169758
853.3654766390805 29.596043023119133
20.66906565008275 767.5909881325686
852.6009336156466 364.33974243668996
379.54713573338285 93.36477009306333
658.2146264828664 442.1366106238287
880.2120199900352 473.8965098518304
890.9367542173687 279.4180153661471
187.18941872101092 613.1750765294839
