150 311 15
0 9
1 5
2 10
3 6
4 10
5 7
6 5
7 1
8 8
9 6
10 0
11 13
12 1
13 8
14 5
15 14
16 7
17 5
18 1
19 6
20 12
21 14
22 6
23 5
24 0
25 0
26 11
27 4
28 2
29 13
30 1
31 14
32 11
33 14
34 5
35 9
36 11
37 5
38 4
39 14
40 10
41 12
42 10
43 2
44 1
45 7
46 11
47 2
48 7
49 11
50 11
51 7
52 14
53 13
54 11
55 9
56 10
57 3
58 10
59 14
60 5
61 2
62 5
63 4
64 8
65 12
66 1
67 8
68 9
69 2
70 3
71 12
72 13
73 12
74 5
75 12
76 8
77 3
78 6
79 7
80 6
81 13
82 13
83 3
84 8
85 7
86 1
87 1
88 1
89 4
90 13
91 13
92 7
93 14
94 11
95 6
96 3
97 10
98 5
99 0
100 13
101 10
102 0
103 8
104 9
105 1
106 8
107 8
108 14
109 8
110 0
111 8
112 7
113 2
114 12
115 9
116 14
117 8
118 13
119 1
120 1
121 13
122 1
123 8
124 14
125 2
126 10
127 10
128 1
129 12
130 4
131 14
132 4
133 8
134 10
135 0
136 8
137 6
138 14
139 10
140 11
141 12
142 3
143 0
144 5
145 1
146 7
147 8
148 3
149 10
26 125 17.0
6 110 53.0
1 111 55.0
48 92 66.0
28 126 91.0
116 143 80.0
7 38 36.0
60 101 98.0
131 133 56.0
18 80 20.0
46 54 41.0
3 43 93.0
11 88 56.0
7 123 65.0
18 38 31.0
117 143 33.0
42 137 71.0
5 120 78.0
33 131 99.0
41 136 90.0
22 110 42.0
73 124 42.0
68 78 82.0
9 84 97.0
32 144 17.0
29 61 80.0
113 138 4.0
62 118 92.0
35 136 47.0
49 97 73.0
55 140 89.0
7 27 68.0
48 56 12.0
5 57 12.0
84 109 69.0
26 60 73.0
25 69 32.0
18 27 48.0
8 19 15.0
89 93 58.0
61 94 35.0
40 115 96.0
117 125 76.0
66 97 73.0
26 134 54.0
46 87 90.0
139 140 93.0
92 95 99.0
51 112 25.0
60 125 34.0
21 83 25.0
126 135 16.0
138 148 32.0
53 107 40.0
125 134 84.0
13 77 62.0
23 45 47.0
12 91 7.0
7 119 66.0
33 70 21.0
101 102 44.0
78 129 48.0
87 106 55.0
80 123 48.0
50 105 45.0
64 70 47.0
9 105 49.0
0 136 76.0
22 67 53.0
54 87 25.0
54 106 3.0
0 41 98.0
34 111 43.0
90 133 90.0
94 137 100.0
3 122 2.0
14 16 27.0
12 50 20.0
14 20 7.0
30 133 6.0
4 52 91.0
29 94 4.0
90 141 58.0
53 58 30.0
121 149 97.0
3 34 32.0
119 144 94.0
9 109 69.0
66 147 64.0
23 41 40.0
70 131 26.0
80 85 17.0
24 98 50.0
58 109 97.0
47 74 91.0
81 129 6.0
32 145 26.0
39 69 68.0
95 132 47.0
100 127 89.0
68 129 46.0
37 40 98.0
116 125 34.0
10 87 57.0
2 4 32.0
98 104 56.0
34 43 62.0
44 75 52.0
17 138 97.0
59 107 17.0
15 47 10.0
79 108 53.0
76 99 40.0
74 104 86.0
54 65 15.0
35 146 22.0
50 91 55.0
64 71 82.0
108 112 38.0
67 102 82.0
6 114 99.0
21 94 75.0
0 28 78.0
72 121 46.0
1 36 63.0
70 133 99.0
16 86 20.0
0 126 83.0
21 43 62.0
65 86 30.0
73 135 5.0
106 148 24.0
18 85 24.0
11 30 2.0
63 128 22.0
55 132 6.0
35 63 98.0
56 132 92.0
110 114 23.0
27 145 78.0
136 146 22.0
130 132 22.0
99 108 88.0
59 91 25.0
31 49 29.0
19 93 15.0
72 88 17.0
106 113 1.0
72 100 89.0
36 111 44.0
28 136 1.0
10 134 78.0
10 46 17.0
46 65 85.0
4 103 54.0
37 96 68.0
51 59 70.0
28 146 15.0
30 88 11.0
25 47 38.0
36 93 96.0
31 66 75.0
103 130 92.0
29 97 89.0
14 120 31.0
17 113 79.0
15 62 76.0
1 3 23.0
5 68 34.0
51 108 68.0
85 123 64.0
72 145 90.0
89 118 77.0
13 129 82.0
73 81 37.0
50 109 63.0
41 45 88.0
54 148 82.0
78 81 34.0
95 139 94.0
70 147 54.0
15 25 32.0
63 136 100.0
0 124 75.0
18 96 11.0
133 141 16.0
0 73 35.0
30 141 95.0
68 120 70.0
100 121 53.0
29 147 28.0
44 86 48.0
103 109 88.0
102 110 27.0
20 143 62.0
32 72 84.0
42 114 59.0
66 70 60.0
15 118 38.0
20 120 58.0
8 93 42.0
14 86 66.0
102 134 92.0
45 149 29.0
2 52 21.0
2 130 55.0
21 42 23.0
10 125 18.0
58 91 72.0
4 130 9.0
94 147 8.0
37 71 44.0
93 111 93.0
63 146 17.0
20 86 65.0
100 149 77.0
71 83 53.0
141 149 43.0
82 115 69.0
5 20 15.0
15 69 43.0
31 33 23.0
20 142 76.0
21 122 31.0
96 145 56.0
100 144 3.0
9 103 90.0
31 133 4.0
58 59 26.0
71 147 67.0
55 105 75.0
125 142 47.0
8 118 98.0
46 86 74.0
50 58 14.0
72 141 70.0
20 125 77.0
76 134 45.0
40 85 79.0
45 100 63.0
60 142 41.0
85 115 47.0
105 140 15.0
2 56 22.0
6 79 100.0
51 79 66.0
61 67 17.0
110 137 43.0
76 102 91.0
9 55 94.0
82 85 28.0
22 61 12.0
5 142 34.0
64 96 27.0
39 115 57.0
76 79 16.0
102 142 75.0
75 86 72.0
73 78 12.0
22 137 62.0
88 96 13.0
29 31 83.0
16 68 1.0
124 149 57.0
2 132 21.0
15 39 22.0
105 139 10.0
68 73 38.0
63 127 14.0
50 114 13.0
111 118 53.0
12 114 3.0
71 96 65.0
13 73 39.0
13 16 45.0
34 118 88.0
16 129 64.0
43 71 89.0
17 87 99.0
52 107 97.0
34 71 69.0
122 139 65.0
6 12 34.0
8 15 48.0
4 53 92.0
65 75 74.0
69 82 88.0
24 82 26.0
8 139 71.0
31 67 92.0
47 82 31.0
4 107 16.0
3 139 71.0
68 149 59.0
127 128 53.0
57 133 43.0
42 139 56.0
10 17 22.0
74 82 44.0
13 28 44.0
57 67 33.0
5 133 81.0
6 59 66.0
8 74 85.0
5 149 38.0
71 118 25.0
37 118 41.0
17 99 29.0
75 146 25.0
17 108 24.0
123 128 71.0
