156.6212012970224 912.5786297270623
510.47904486053676 218.43073887167574
928.6451168229038 23.41785832128984
503.65481637027807 302.29361462856775
953.3688225477422 80.61431263430296
475.43317118357976 763.055702992165
671.7501619071415 461.2272971574446
18.92246715485446 473.2393516616874
489.14638507649386 3.6921050871290273
843.51232441298 257.4239149021931
774.8068525347533 731.6857845585312
183.77784861969437 567.0042759034387
845.823363944362 345.20665818610297
435.4116595171208 960.2624639716864
570.6291398764491 792.9765698312896
282.8627523701699 48.00815635072364
586.3884344008304 839.2537736180004
929.5825128715043 942.1877172401119
35.35468487678861 448.1153558692608
480.200179888283 35.596892045275055
603.1249227399735 755.5774748863244
452.16671161867885 374.2240286256987
674.0087963120707 484.8007931830225
100.34500673998569 851.4069124809561
39.44235298121834 0.8539117261431306
253.32803725855436 139.79813942446174
701.0434432225846 647.9868745346218
47.749970509206705 478.4024935942245
167.82673971130012 982.0455535518216
513.0243745597844 456.21563410699605
248.1068681106381 532.832568764565
417.52682025616684 595.2985981598652
28.91338550800271 576.4316378088458
318.1125898807071 512.9311508647606
475.6806330700831 259.04800453626564
88.81099378881996 928.3197364259864
539.9148733989642 153.89769663375253
191.01730454965517 377.0490708720954
20.72240898578348 458.3544342978555
279.0238996197034 223.42676628297508
149.3776414385215 331.20555648604267
110.70512906758356 906.7402254515835
564.8105267378087 361.18107539854725
497.9015673356033 318.63393394037666
605.2173364235896 956.4672733873434
113.24387144348324 814.8729795738813
777.1234485392431 809.7160781816856
220.03016512051187 66.8595286770819
756.7833247777731 18.757284796744432
458.5366077633121 531.4975446093205
824.1244657611571 300.83849789162673
967.1718962016462 452.9744413689917
983.5516781430184 120.6911013373102
968.4454281457909 291.9512482284432
778.8445506294609 825.765779026768
736.1376857653514 148.38759498509256
785.0800571637942 10.37294885934692
463.2755278362164 734.9430193625167
951.0535827740678 243.59954933186367
947.9879867773567 375.9529477157033
703.4358123151708 616.1533689326243
525.8360702641795 437.18191078496415
360.5037261816426 78.97910403856945
19.822194622766908 903.0157000515802
288.5573675653227 441.88415247595805
724.3344542435743 867.2328829187509
416.77520278667055 514.6752798766576
647.9791871403053 522.1290685848984
412.8886388624816 821.180373504004
250.4426134557216 171.74905933388908
317.9232242407972 472.58668852850747
308.1132960139693 375.6250928416539
121.82462742640121 624.8008778849832
254.95889709186392 907.8568530333741
195.87958969596798 14.616892106628976
556.1617057432354 999.5798694572038
852.363108575758 604.4495180491708
436.37157956590045 998.8863593147095
404.9535924893556 840.2343715618334
818.9196032389746 447.3059436293957
31.28325112712771 432.81138201389234
345.9732356040095 911.9737972821654
36.93295411079789 225.36094557383268
428.71754321942433 347.03337028759853
862.8860305190312 250.21018915344317
17.137785848500787 377.68986976108584
652.2658680653491 867.1848716608013
803.329032141017 786.9992050582171
187.0813874451095 584.1364794139207
455.89114230569385 140.8290008773675
287.25276867500725 587.3290511759194
883.8360319146459 335.5089215404601
745.546613490183 19.33909281072288
471.8150968414958 111.48217097463797
515.0550414721007 405.4801297180937
718.2865920593135 41.72848586160804
129.4959117696608 425.75037530388516
449.55986023700524 506.3529083015629
72.50623776004417 47.43120203204831
854.2176089514531 537.8988979164636
68.8356807509074 680.7990864450682
707.4515282343449 601.3855989023778
706.2749114640718 560.7364429196112
902.3998377475368 139.88874603348822
135.85642328359904 44.35137624627528
801.6092404654671 265.12919353233855
824.7926167162973 822.4256976132832
987.7762065975304 324.06048216262815
882.0235207356707 467.6491822255919
893.6262559015872 241.84736838785403
667.0293972083822 466.20848784298784
505.99384411223514 223.6795359876781
949.5693584054591 483.7584914973009
877.4436553680849 878.4837263839438
666.2115215199913 391.2472172720003
137.71447427536597 299.6635716418763
697.569959051205 712.8453649005096
685.5615875894538 683.1617541870073
382.3886921265781 88.9329664215589
8.135028109457764 511.9629923908039
494.3959044625601 763.7957921611581
168.82610138666755 677.7525306048
550.318161364576 289.2861980256087
3.5882961165089045 464.21433717063377
250.1427378031963 888.0623892695628
695.159489767781 650.8826012312169
180.81499072194973 980.3061487624534
24.61705447362894 721.8050841900622
15.575602088730879 975.9179168965986
393.7464803874223 879.3900931506673
838.287991598401 90.58843541636463
305.9950473558797 527.895754480296
763.4661516080198 80.62878484697411
297.28242911371973 540.674004412582
728.1155044602635 669.1306661924299
215.06225121947853 968.3123177098225
113.75553209196477 925.8499274193683
550.0572662952151 372.4523841091194
878.4203509709071 901.4742075736765
683.9859952186018 130.68033750636766
708.8721139905737 154.89882426570523
261.0105358795074 631.0296300692399
562.4607412295752 632.5487060834571
690.7142919023237 700.4825064603813
10.077634758122734 563.516830248415
79.56466824654962 546.4979030768586
89.63805547810067 997.3489210911072
412.6434165898537 459.01890191754813
842.9820213356104 892.5642136301055
182.12490463642794 727.4026863005816
