250 670 20
0 8
1 12
2 11
3 9
4 11
5 3
6 18
7 10
8 6
9 17
10 2
11 5
12 9
13 13
14 0
15 19
16 12
17 6
18 17
19 7
20 15
21 16
22 0
23 10
24 7
25 4
26 0
27 7
28 15
29 15
30 6
31 11
32 3
33 0
34 16
35 12
36 15
37 17
38 12
39 16
40 13
41 14
42 0
43 13
44 7
45 3
46 10
47 10
48 19
49 0
50 9
51 10
52 18
53 4
54 8
55 15
56 4
57 9
58 2
59 5
60 14
61 17
62 15
63 11
64 18
65 14
66 9
67 12
68 1
69 13
70 2
71 12
72 13
73 9
74 12
75 17
76 17
77 0
78 16
79 16
80 11
81 19
82 6
83 17
84 11
85 17
86 7
87 9
88 16
89 13
90 3
91 14
92 2
93 0
94 17
95 0
96 18
97 1
98 9
99 2
100 19
101 8
102 16
103 7
104 7
105 16
106 15
107 4
108 9
109 5
110 4
111 10
112 3
113 9
114 13
115 4
116 0
117 19
118 3
119 7
120 11
121 10
122 7
123 4
124 2
125 10
126 14
127 8
128 11
129 19
130 7
131 7
132 3
133 11
134 18
135 2
136 2
137 5
138 7
139 8
140 5
141 7
142 13
143 14
144 3
145 16
146 12
147 18
148 7
149 3
150 8
151 19
152 12
153 14
154 3
155 14
156 5
157 0
158 1
159 2
160 14
161 18
162 12
163 10
164 0
165 9
166 4
167 1
168 19
169 13
170 9
171 0
172 1
173 19
174 1
175 2
176 18
177 13
178 9
179 18
180 0
181 18
182 13
183 14
184 13
185 16
186 3
187 17
188 7
189 2
190 0
191 7
192 9
193 2
194 8
195 17
196 16
197 2
198 5
199 18
200 17
201 18
202 0
203 2
204 6
205 7
206 11
207 5
208 12
209 12
210 17
211 2
212 5
213 10
214 13
215 12
216 15
217 2
218 8
219 11
220 4
221 12
222 19
223 8
224 13
225 2
226 0
227 0
228 12
229 14
230 15
231 0
232 9
233 14
234 4
235 0
236 16
237 9
238 6
239 15
240 11
241 6
242 15
243 12
244 2
245 11
246 7
247 3
248 12
249 16
63 146 17.0
55 91 73.0
137 169 42.0
41 244 14.0
65 161 44.0
177 219 33.0
62 74 70.0
87 188 61.0
193 201 48.0
191 246 27.0
22 77 92.0
16 217 18.0
44 89 82.0
167 208 68.0
75 176 59.0
30 81 16.0
112 185 66.0
58 180 78.0
14 125 73.0
49 159 4.0
28 111 59.0
91 225 74.0
48 175 16.0
81 201 41.0
55 225 63.0
192 212 97.0
104 237 50.0
49 203 78.0
228 230 97.0
32 217 38.0
13 67 9.0
8 54 12.0
36 140 39.0
79 157 19.0
208 247 18.0
141 200 88.0
200 224 16.0
122 179 12.0
141 224 90.0
167 196 84.0
58 140 3.0
159 203 19.0
33 158 21.0
184 235 26.0
7 175 85.0
167 247 71.0
88 213 67.0
112 189 39.0
53 148 4.0
30 201 60.0
37 43 67.0
29 236 41.0
101 238 35.0
40 56 28.0
110 140 51.0
81 193 50.0
131 181 44.0
12 231 9.0
16 94 60.0
69 128 1.0
143 172 81.0
27 62 92.0
105 139 95.0
108 142 67.0
80 243 12.0
62 99 24.0
2 222 92.0
234 238 57.0
57 174 29.0
63 212 16.0
1 25 45.0
10 86 16.0
24 164 21.0
146 212 47.0
49 76 7.0
64 198 69.0
199 237 33.0
106 150 84.0
17 21 65.0
143 218 81.0
30 72 60.0
94 217 75.0
190 206 38.0
36 58 95.0
26 109 16.0
102 222 78.0
134 240 89.0
224 241 54.0
132 178 25.0
5 6 89.0
66 69 90.0
12 144 77.0
102 116 84.0
172 173 40.0
8 242 46.0
84 119 42.0
154 222 84.0
117 155 70.0
185 189 36.0
39 161 61.0
124 215 41.0
175 186 93.0
50 229 90.0
136 227 77.0
0 73 9.0
72 81 78.0
174 233 82.0
132 157 9.0
51 150 24.0
21 45 39.0
235 242 8.0
32 181 24.0
60 94 70.0
190 197 70.0
4 116 91.0
144 231 82.0
76 203 41.0
114 207 97.0
157 178 59.0
66 214 42.0
81 216 37.0
141 241 20.0
45 202 37.0
193 229 74.0
39 65 9.0
121 135 97.0
14 133 11.0
32 52 60.0
23 79 100.0
155 189 28.0
120 205 9.0
24 216 62.0
66 128 30.0
166 204 4.0
108 163 45.0
10 19 13.0
196 247 64.0
19 86 49.0
201 229 10.0
38 85 21.0
36 180 13.0
76 159 45.0
4 108 17.0
100 158 6.0
46 226 61.0
119 152 93.0
214 232 47.0
30 50 80.0
90 194 92.0
37 239 49.0
25 130 7.0
45 165 51.0
18 31 5.0
189 197 80.0
20 204 100.0
2 154 80.0
42 83 32.0
151 186 18.0
58 110 64.0
46 176 29.0
173 182 90.0
206 218 92.0
186 220 75.0
131 190 62.0
137 220 77.0
166 198 10.0
56 92 61.0
52 131 64.0
181 197 85.0
35 64 68.0
148 248 37.0
8 244 89.0
31 78 12.0
101 149 43.0
70 165 42.0
59 95 28.0
87 170 8.0
204 226 99.0
39 53 84.0
47 232 66.0
242 244 96.0
41 242 57.0
72 216 36.0
114 162 83.0
166 213 49.0
181 217 54.0
182 191 82.0
143 206 45.0
173 240 48.0
132 209 73.0
96 103 87.0
102 126 36.0
40 92 5.0
71 246 62.0
48 186 51.0
172 218 9.0
7 220 59.0
66 113 1.0
2 196 36.0
46 75 5.0
32 131 63.0
178 202 75.0
33 126 36.0
210 223 91.0
74 117 15.0
29 84 8.0
154 159 41.0
160 171 53.0
117 189 74.0
79 178 73.0
22 127 93.0
34 195 11.0
63 215 92.0
135 205 89.0
6 134 67.0
24 168 88.0
43 239 8.0
60 122 30.0
169 220 44.0
168 180 81.0
116 222 50.0
92 111 25.0
209 243 88.0
39 127 78.0
76 215 100.0
136 199 98.0
74 155 53.0
88 133 8.0
64 166 30.0
131 197 40.0
110 171 20.0
112 197 95.0
61 105 17.0
160 229 10.0
146 215 98.0
52 217 40.0
173 218 4.0
69 232 83.0
44 67 67.0
120 239 48.0
84 145 97.0
13 163 26.0
166 226 96.0
64 213 33.0
21 165 45.0
123 182 99.0
134 173 89.0
164 168 65.0
175 220 7.0
37 169 1.0
23 157 99.0
184 242 14.0
113 198 43.0
184 249 45.0
64 113 61.0
57 71 50.0
134 172 76.0
25 195 45.0
3 100 99.0
61 92 25.0
62 155 65.0
143 190 37.0
9 146 5.0
2 159 17.0
112 172 4.0
69 214 52.0
77 127 94.0
40 170 76.0
133 213 59.0
164 216 60.0
77 218 9.0
56 170 21.0
61 139 23.0
53 248 26.0
65 233 10.0
16 60 26.0
136 221 76.0
22 161 53.0
184 219 96.0
50 72 8.0
70 107 13.0
54 244 57.0
154 203 85.0
95 176 83.0
195 228 54.0
104 109 3.0
118 119 75.0
221 227 11.0
161 233 10.0
113 214 90.0
57 233 60.0
115 139 38.0
67 163 37.0
16 52 62.0
182 218 71.0
85 129 95.0
153 202 42.0
96 183 100.0
0 150 62.0
118 162 26.0
60 179 19.0
134 185 39.0
14 20 21.0
34 156 31.0
15 51 64.0
54 68 55.0
73 142 21.0
36 68 14.0
192 247 52.0
200 223 14.0
60 217 5.0
123 246 72.0
55 127 92.0
103 149 69.0
27 89 99.0
123 191 66.0
177 209 11.0
131 206 55.0
103 183 15.0
17 110 79.0
44 121 9.0
221 223 83.0
93 188 61.0
18 129 1.0
177 184 23.0
143 197 99.0
77 161 67.0
57 246 29.0
42 52 40.0
108 154 69.0
27 179 65.0
2 126 67.0
24 193 74.0
12 51 95.0
156 187 74.0
87 93 45.0
198 226 72.0
126 158 36.0
99 117 86.0
68 138 52.0
145 205 30.0
20 133 8.0
133 204 99.0
15 48 17.0
76 192 27.0
12 15 73.0
91 127 44.0
84 236 6.0
21 202 79.0
76 124 34.0
131 225 4.0
80 115 62.0
31 128 9.0
35 113 48.0
69 90 91.0
62 179 74.0
8 68 41.0
64 88 40.0
192 215 14.0
136 237 2.0
3 244 45.0
70 125 10.0
26 211 37.0
127 225 6.0
6 240 73.0
123 249 13.0
212 215 7.0
53 127 71.0
9 211 56.0
105 115 8.0
219 235 41.0
75 95 89.0
77 182 3.0
137 186 34.0
127 161 17.0
86 144 54.0
209 219 70.0
164 245 30.0
80 209 53.0
50 160 64.0
7 106 44.0
113 128 95.0
35 88 44.0
17 202 100.0
84 152 42.0
205 239 50.0
52 225 6.0
221 224 37.0
89 121 39.0
18 187 53.0
156 195 80.0
77 246 81.0
68 235 61.0
112 134 93.0
199 221 24.0
171 229 2.0
5 99 79.0
15 98 8.0
108 116 16.0
155 197 53.0
223 224 25.0
27 44 58.0
3 41 50.0
82 83 9.0
133 166 28.0
153 165 70.0
240 249 44.0
48 151 33.0
187 194 99.0
90 232 54.0
17 36 14.0
78 128 46.0
3 5 76.0
206 225 19.0
157 243 78.0
54 168 45.0
58 171 65.0
0 142 65.0
68 180 60.0
169 186 36.0
9 130 79.0
97 238 21.0
51 231 22.0
5 134 100.0
11 231 14.0
51 73 54.0
60 181 7.0
147 188 40.0
80 139 33.0
192 208 75.0
141 223 69.0
6 41 90.0
155 179 27.0
45 153 22.0
75 226 47.0
162 236 40.0
79 202 52.0
115 243 49.0
126 167 36.0
18 78 81.0
7 15 52.0
23 243 49.0
124 146 2.0
130 212 66.0
118 152 53.0
126 245 94.0
38 245 9.0
130 195 23.0
21 70 25.0
4 67 31.0
52 91 95.0
145 152 8.0
132 243 46.0
37 220 89.0
38 208 87.0
107 133 43.0
37 120 18.0
28 40 22.0
90 128 87.0
7 51 44.0
84 162 18.0
121 205 6.0
129 228 28.0
21 171 82.0
77 233 88.0
108 222 76.0
54 180 32.0
159 247 88.0
67 116 24.0
89 122 47.0
15 144 4.0
126 208 16.0
187 228 32.0
26 104 77.0
130 146 13.0
180 193 10.0
80 111 5.0
60 197 49.0
23 115 82.0
76 247 14.0
35 160 30.0
28 80 64.0
138 202 5.0
216 245 55.0
90 187 99.0
171 180 66.0
145 236 19.0
50 78 47.0
145 239 13.0
11 203 44.0
70 133 19.0
116 158 90.0
152 205 71.0
79 153 29.0
106 220 99.0
16 42 63.0
124 203 80.0
97 101 35.0
7 150 48.0
38 129 35.0
221 241 40.0
223 227 97.0
5 185 43.0
26 237 48.0
36 138 34.0
0 163 32.0
171 193 3.0
73 231 52.0
107 160 87.0
40 57 76.0
67 121 67.0
208 212 5.0
42 162 47.0
168 193 73.0
132 219 75.0
93 170 11.0
43 183 25.0
3 158 45.0
120 121 95.0
65 148 72.0
93 147 14.0
114 236 4.0
147 233 94.0
42 82 99.0
95 226 61.0
9 124 69.0
111 139 26.0
44 99 19.0
18 128 85.0
96 149 85.0
65 147 77.0
41 249 60.0
242 249 36.0
86 231 89.0
3 6 22.0
11 142 65.0
16 122 9.0
33 245 67.0
19 227 17.0
61 111 66.0
72 78 98.0
227 237 61.0
70 153 4.0
18 90 17.0
174 188 61.0
108 203 67.0
78 129 54.0
87 174 78.0
9 26 84.0
3 99 7.0
10 231 91.0
59 75 44.0
38 72 98.0
57 87 72.0
68 219 10.0
35 78 17.0
0 13 52.0
47 90 65.0
99 185 81.0
72 245 54.0
147 174 100.0
11 73 8.0
85 228 15.0
182 249 84.0
37 183 38.0
85 130 82.0
100 164 9.0
47 95 95.0
218 225 8.0
82 207 68.0
75 204 87.0
173 249 37.0
113 226 43.0
6 249 96.0
57 170 32.0
158 245 33.0
35 128 33.0
121 152 20.0
42 114 98.0
86 98 91.0
129 187 41.0
71 249 18.0
178 219 28.0
95 214 96.0
80 177 27.0
187 195 88.0
85 212 24.0
0 121 25.0
54 164 60.0
156 194 62.0
106 120 80.0
40 71 47.0
100 244 93.0
20 75 30.0
37 106 17.0
57 77 64.0
158 164 31.0
21 160 24.0
48 98 87.0
149 236 68.0
72 129 22.0
67 99 72.0
54 100 29.0
149 183 10.0
67 158 7.0
28 177 76.0
133 160 14.0
1 109 36.0
96 101 96.0
99 158 53.0
0 120 55.0
199 241 14.0
83 248 48.0
47 194 99.0
10 124 39.0
179 197 32.0
86 210 71.0
68 178 4.0
120 150 7.0
16 162 37.0
95 113 2.0
36 202 45.0
96 97 3.0
15 86 48.0
78 160 39.0
211 227 52.0
118 122 3.0
89 152 76.0
52 248 3.0
207 238 54.0
19 223 92.0
56 93 81.0
149 207 83.0
104 241 3.0
237 241 44.0
25 109 87.0
85 195 69.0
147 148 74.0
183 186 90.0
19 124 58.0
98 151 35.0
151 183 2.0
71 184 73.0
124 227 85.0
124 231 55.0
26 227 22.0
82 248 45.0
145 149 5.0
114 149 92.0
145 183 86.0
86 223 54.0
109 195 26.0
34 109 97.0
75 125 49.0
9 227 3.0
40 177 84.0
96 151 81.0
82 148 43.0
59 194 14.0
34 104 29.0
93 148 30.0
82 234 55.0
82 238 52.0
40 184 74.0
98 141 98.0
115 125 9.0
97 151 89.0
34 241 49.0
82 93 73.0
141 151 88.0
