248.8870382131555 526.1271142306305
396.5668708586998 101.66769044934543
413.2880187678688 377.01542161783874
584.1786020911314 543.1083394449009
373.7661372181891 457.06183177137393
579.6354194317713 626.4135710159256
603.3316599852341 650.8916238611575
91.22550772363691 563.3529730540744
675.300949226382 533.3163075669609
349.8164968742358 172.13118380324354
148.85035717007068 304.0383888367425
247.27479972740818 369.63171163943485
153.63903520585254 428.5645730879345
366.0805512263179 546.7205931352097
958.4336562169955 291.79474456068056
95.6800728354451 475.48127875363446
435.3654690007297 806.8102796586227
841.2656252791913 445.9072846965525
624.534935552062 130.233476280618
115.17515218022767 280.3300141665908
973.283018559235 225.95258159487963
864.2545849594056 425.4819374008861
658.3810738779998 863.2082321809082
973.5797585142042 586.9360346517566
641.7628616979271 385.7679130419448
423.3635023448892 112.62203441419005
290.51331618933074 72.62453866808505
470.40433512606484 627.5914402554523
859.6373539575944 750.1683037378157
256.0472642445378 852.4517273867752
679.6699624454282 310.36353726115664
663.6065272266268 151.52182209814168
458.9896762463991 822.6588036490151
499.21403522424913 457.684383889866
463.0165660589736 19.169137832541374
802.2898386734942 223.1836496100511
758.5812454457247 442.73425464934246
145.66182898552717 687.7706408201631
537.2581035438851 271.686981123808
659.2937437846905 930.1505348102932
893.7708494955258 834.5762085980737
656.1235029008925 581.7190589715793
414.4906462761084 901.692916805991
135.45554399523752 709.0515218857363
393.1953799579189 601.2525772341337
892.0489916580823 450.26832751881284
942.9911044582531 115.43353844489023
807.0499326272978 17.344413575425044
74.7142607980571 546.9401686119306
354.11718525672245 334.63483350627655
713.899137212193 283.5314548198895
158.2421732459187 500.9517880168327
473.389599771617 860.2638079995546
633.6124583571986 971.237670751975
680.0353295113784 516.2195688216995
550.5225100949629 913.059948391051
917.9384440534321 834.2262050397486
793.9678683003585 837.4725828315577
730.6763522960786 427.76719153897625
912.6023909547724 5.793143050947136
442.32637291711484 744.2896397717675
973.7074106353956 804.5390283944118
488.6430075761814 646.5853465889672
372.03685042583555 231.54294189691504
839.2444276341489 195.42127266116037
698.30840938197 921.6479090838097
770.842911872939 109.18230156054453
383.6283111050269 546.4525616734147
747.3366503712192 509.8255492090773
739.5249273193349 95.55885483977266
936.9772301936302 372.73442328378803
771.5092623723148 783.2869599749323
651.7042010184269 296.3895656598514
243.23401289062662 490.45342832956175
496.09635411017484 650.7677014253329
989.7473001397523 93.70841572606136
349.05008138327366 305.7652707521078
660.639047528055 852.2508682996416
688.3647100679549 190.7541451994511
937.9511914233995 568.0118017430581
920.8268777222398 676.5762128910317
676.7933525051961 322.926988968279
375.2742303521618 999.0475726422785
434.1232470989046 942.2291650670368
289.9277724811676 812.7950910330845
530.5181732574955 230.37086056416612
125.05437695264487 320.5727942086933
869.6554568822527 926.8488269057804
868.0247912927141 265.57016880672614
404.10145045139933 605.8835198035448
689.9075347849833 38.55345659940945
545.3543504648786 914.9214918888033
916.1322960538289 788.7535830176133
893.1000242707274 995.5350499444751
439.6937602840153 781.8856873733316
925.8680027047417 50.95142431066746
22.061747563379864 827.4602860542797
13.78006304129209 984.8414233179949
41.06337944187555 415.7968821297063
498.9769516090988 621.6997157699246
543.1602570202379 499.84702098283617
102.90531231505796 945.5895926839053
429.9610451114746 428.1265969350898
71.91078047510547 836.4819244562003
196.08079127563073 67.90921297639541
999.5817727810364 756.1217353599304
169.06227486729065 556.4416450151624
875.5959987663305 356.3873423883108
330.75101952200146 456.0945381748156
260.13294640281146 61.78245846186792
775.4181098543044 421.14829606366067
872.0489396007896 758.198939794114
550.5747395214861 730.8584910287229
804.7372198557993 147.99829384309427
296.438115319671 947.7170791998376
995.7890788259302 679.4867842808312
411.7365544744863 457.333569059865
535.4071551692695 684.9976975267874
347.60426953185987 843.7676702704942
314.87087087302865 788.0977615239427
235.12637791410762 671.0117074807912
328.78338839825074 629.9953896052025
415.04371450092094 698.920124356743
723.4482787147098 740.7065377023487
290.1854207532938 259.73853923791114
966.9963328020475 302.5643294045954
477.5473458549572 410.377849333332
617.6486026088255 896.2147455098643
731.7967225778766 119.90017864527036
575.2652024570556 181.8301690654207
433.03715334360527 155.16906061583424
509.7534343115394 832.214925935032
882.319220211685 565.6141959297828
920.9027027372161 277.5428943487119
624.5986542492309 699.2786080121895
297.3400700825468 654.793470644462
142.4128726264745 141.154324499025
89.61358839166134 660.2232681326275
819.7146493989876 520.0631896626854
977.2964988612366 741.9866651290353
751.3385787988578 425.7829122645505
4.509461215087551 60.97786620113909
305.0717597617912 462.8893073956022
601.2321878263817 780.6076543022787
144.9702005922635 395.3862844164301
253.98228591093397 769.513108366366
372.37438253349706 227.72440851649222
790.4486597658046 979.032931455525
619.1293031992801 988.9759800892435
103.01149796594977 898.7267937612647
182.4250220888668 528.8823959683017
6.942826822257553 593.4286620620345
343.299742041575 755.3843007376109
974.8738538357576 478.37227895350554
373.37869818207093 397.82696205888715
505.24460225873503 704.0203394907859
530.2631981335018 25.310879284983436
919.1000955121714 567.2906931329752
506.2349839507115 477.3152851495026
360.4396447439753 347.21770641307404
784.3438025795061 316.76890670084214
692.3659244644726 916.3602753464896
314.15398731140533 901.4734436548636
342.9081272829547 495.2886529818382
616.9750666326115 400.9557695007764
920.6144448894944 416.70145438875636
893.2479620518204 200.54066359411104
450.9776282198659 326.80632119502974
664.1958564900002 433.63973014376336
91.36531829128714 667.8747138880858
904.716028033138 895.232054020408
790.5361072513377 368.71354625456655
606.7205369995364 755.2954568642389
641.499678792486 754.065216244809
775.78066771377 859.3370624733095
69.66380783547366 561.6245865120698
978.6020711958868 87.44789730928059
802.8737381142537 620.9178654684918
896.6829226193831 535.7487020750898
421.06920386967073 680.4409946772421
717.3258310955996 430.6898289769535
495.14836204321347 812.1234962731755
680.0593371112083 777.846234434621
53.01352611388887 768.7644279271386
733.0676967616866 605.9093937222981
561.4896294062027 723.0307505954871
52.009593735995786 592.8627023740215
595.7643272041095 56.50099814537701
862.1712586051226 931.5604296995756
528.5824469478579 736.9338464937945
550.8297793081011 813.004133431011
717.7082007005258 810.2464692344602
401.7028213954835 253.05700331146485
696.352510382632 338.1147809857785
660.8798702756284 6.154945552780511
465.94622847833534 71.68202539248414
454.56760702703326 346.1489525158874
529.8037385104592 781.5895712850737
857.7215437179308 172.16053709392065
163.74779097000825 91.55520190205179
11.273074178444698 78.71114904354603
690.2910741761797 330.76438738809435
908.9800419873592 485.33988595741596
340.02777100896617 343.36789266372324
934.0417789276075 204.32887543255796
265.892192145272 697.1465167595553
579.6915593741762 825.648161606359
258.850809910982 956.8371569470514
459.0958623610025 318.04260324223
872.8652202404841 615.2166292639633
51.06123222847092 189.99932902501416
277.01633420618333 147.9515064838529
399.98015912178164 237.11755544741874
868.9541615693624 243.7110616266367
799.7171697864545 83.34687754835312
325.95392459274666 257.0989177191376
645.2133444523452 345.4538506831575
445.6095002358319 812.6529028026148
620.0129643314383 804.9629106856328
795.429402473053 616.9938595958785
91.6394264441297 614.8807181725122
86.05919828343578 113.03065976030379
408.0507878212266 404.1596783233447
23.45973023017711 145.85583365051403
23.831030373101967 64.40272616755394
541.1487797234454 900.055614281715
928.5518391843542 156.2241158855323
119.05788650771665 168.68936618742393
517.7369655894751 109.7393097328836
729.4454118108177 316.00277215881056
534.2333217008984 112.36120239924463
176.12731556248917 417.2730698718195
771.554909866846 50.336900074872794
748.3080215943687 883.6376017193213
99.78180058709385 996.8003526762847
725.0734962208818 586.2632278853858
235.17888438590495 863.6100530586671
192.73672070398695 84.12340615360515
97.510888879495 968.861777461731
187.50595225061207 699.7923745186491
656.3851188023832 706.1425884544049
30.743116085234835 32.33170257747098
699.6304250984314 558.5033428102059
912.962559086252 650.9301435541297
653.647730140747 574.246008965564
550.5672177726851 360.3914271756492
727.873691141752 809.6796367272448
444.3358293082954 306.17436227257787
572.9163796123482 987.35431913776
727.0222988427489 664.1882544397016
