181.3952503794708 65.4777904471805
885.8358063942939 496.71503319317145
151.6087135100357 682.9064003400779
694.5587767766482 776.421877861235
490.49419041807715 227.7772555155002
741.8955565353059 512.6642021053739
533.6992727375969 59.90710271965416
909.1028309425892 370.72978948688683
597.4710239772589 650.4330202277321
281.8217958923327 687.414176512744
892.6180239941319 998.5316463987234
231.474527894738 946.2184390954651
196.0022347335346 983.4389064857877
659.9979560955079 496.7420988445067
334.8537654989069 105.9055282169764
660.6846428489841 193.15354644042014
966.5865061053775 628.904840450332
134.2027308417153 539.6691249242676
864.7787700601193 960.4982739680369
132.31476428929102 343.813327358784
274.1265654430158 882.9054913867701
432.16430428954243 491.6108500453229
235.79597286056597 760.5728032880314
565.2584021619509 788.7586927617156
799.196799817398 410.6205561090235
233.65131021451248 929.1660693393976
800.6990495590006 72.65689113374619
162.03554910101292 765.6323398555303
549.1462132469406 199.81574441331483
501.508065208647 730.853040192969
54.973676147506254 153.2828604256895
659.552185806853 516.3008717935836
920.3117117795199 35.7195439673188
518.921214010093 686.3530749268332
4.9449114619594114 309.1091251443714
931.933620065621 312.0080938034584
466.94217675187286 956.0481086573382
653.7331883654291 672.0893566714079
564.2780039614711 856.9687464482288
649.7868062569858 390.44434811002395
867.2725499523151 885.1228524778295
290.8263397962002 730.8317879522019
734.2512276683597 537.6944661319892
601.0651003489263 879.8178420639697
591.2876220913727 866.8323012276294
728.1336652777705 252.16016537233565
4.371591986969681 357.9099712235011
390.50822794597906 106.22156561671558
745.0254821301025 666.9743237480975
187.03799808790444 467.49047055791203
755.4886202671189 70.30561481986209
616.9838668129491 793.5206305046223
123.9967925172386 118.68928787270117
887.2625581904052 940.1797368165618
324.9645623220105 974.2569008185543
571.6841292795908 382.26088935768365
843.4670538330034 241.82020366444945
125.99098169729817 339.2778367883528
490.6443957582033 272.183988154438
433.92590964617995 203.6659010036851
289.8804095477245 362.6321860246363
258.8527969182061 801.4051985886481
698.8674149965739 114.71962982492346
795.9177481560168 913.4838734812151
285.78698019385615 164.40522400673552
267.43807811091693 759.4387390573089
869.2681291491349 985.4054408085345
159.2524958624748 848.1972339104077
680.468119378233 478.3578008070776
991.5507016365068 791.9249665488305
570.7691509773639 872.5695983523074
289.85618232455533 14.277582739695704
677.9362208215556 417.7759915903212
578.6102781734171 104.1796439843503
133.23553073058224 629.2800948097032
389.3473880343258 507.8906938231057
364.28733827618544 953.6369754468268
545.0665369519954 553.6491437419619
613.7551134819663 710.0433390515312
184.68557855982425 378.3449603470359
791.9753096758235 317.9608259632063
340.86046506570386 827.5644086041207
125.92338537088222 7.94958047467853
435.93965643301146 538.886532034386
214.88645681293184 795.2246935303448
18.638209843074293 532.0449716226193
872.1283134830272 901.3716601768676
717.4080906793741 167.83393829015947
496.7868803694727 785.991925495315
177.60806421786023 611.8967594252641
441.06252335821193 424.9621538682786
134.26882503688654 347.2463827428083
226.36675457630972 53.686670636529875
276.70509400482166 940.0797437824755
813.9112000040357 393.3179706812572
805.8572512999486 392.93092032542233
599.3700244521441 490.4250482042496
989.3320371566718 784.8019867303736
460.66130034996655 51.05564000000129
382.1183793700473 184.88391544183236
