150 361 15
0 4
1 5
2 4
3 6
4 0
5 12
6 12
7 7
8 4
9 10
10 1
11 13
12 11
13 12
14 3
15 6
16 4
17 6
18 4
19 11
20 7
21 8
22 11
23 11
24 12
25 2
26 0
27 14
28 13
29 11
30 3
31 3
32 5
33 6
34 9
35 13
36 11
37 7
38 0
39 12
40 8
41 11
42 1
43 1
44 7
45 13
46 5
47 4
48 3
49 3
50 5
51 12
52 4
53 9
54 10
55 14
56 6
57 0
58 13
59 7
60 13
61 7
62 10
63 9
64 2
65 14
66 7
67 7
68 8
69 8
70 13
71 14
72 2
73 2
74 9
75 3
76 2
77 6
78 14
79 4
80 9
81 14
82 8
83 1
84 10
85 5
86 14
87 1
88 8
89 14
90 14
91 14
92 2
93 4
94 11
95 11
96 14
97 12
98 2
99 6
100 13
101 6
102 13
103 13
104 3
105 10
106 5
107 6
108 6
109 14
110 1
111 2
112 10
113 7
114 0
115 1
116 9
117 10
118 12
119 2
120 2
121 1
122 2
123 13
124 9
125 10
126 2
127 9
128 7
129 3
130 6
131 0
132 8
133 0
134 1
135 12
136 3
137 9
138 11
139 8
140 8
141 12
142 9
143 4
144 1
145 2
146 4
147 7
148 10
149 7
8 127 42.0
127 149 85.0
40 73 16.0
95 102 45.0
28 143 24.0
53 100 69.0
58 97 25.0
16 41 97.0
107 113 48.0
67 111 49.0
120 128 56.0
30 105 83.0
60 72 39.0
12 88 97.0
77 138 60.0
62 95 72.0
50 111 38.0
1 22 63.0
45 47 12.0
5 24 33.0
101 140 3.0
10 139 59.0
18 108 95.0
99 102 69.0
74 101 87.0
38 51 62.0
54 136 9.0
25 89 4.0
93 125 82.0
0 2 81.0
30 141 77.0
6 136 42.0
33 53 70.0
132 133 85.0
83 87 11.0
23 137 15.0
21 48 2.0
21 36 85.0
56 85 39.0
18 65 18.0
12 90 81.0
7 140 56.0
96 112 68.0
47 73 76.0
113 130 55.0
43 122 85.0
107 130 82.0
79 132 44.0
26 42 98.0
123 130 18.0
3 82 84.0
41 142 48.0
56 130 44.0
16 142 48.0
37 44 6.0
79 133 20.0
21 38 88.0
75 145 43.0
65 108 18.0
69 138 96.0
36 48 71.0
42 79 67.0
21 85 100.0
68 95 85.0
44 116 75.0
107 123 52.0
62 102 56.0
3 118 67.0
50 78 25.0
121 124 36.0
27 126 22.0
63 114 78.0
29 112 35.0
11 90 6.0
118 147 85.0
26 146 23.0
122 129 46.0
50 67 10.0
34 96 3.0
19 81 18.0
71 142 27.0
17 64 55.0
13 57 83.0
45 73 38.0
135 145 20.0
23 67 77.0
2 60 29.0
8 98 62.0
34 119 47.0
89 109 4.0
81 144 13.0
46 87 2.0
1 99 90.0
30 144 63.0
84 138 69.0
9 27 75.0
21 51 90.0
55 123 100.0
62 68 86.0
98 127 62.0
22 42 59.0
38 56 13.0
5 84 76.0
54 93 90.0
129 142 100.0
11 83 83.0
24 84 61.0
13 28 29.0
13 91 83.0
0 53 86.0
143 147 16.0
4 104 65.0
87 90 37.0
116 137 81.0
57 76 3.0
48 85 44.0
53 146 29.0
4 55 61.0
54 125 46.0
1 26 67.0
60 139 27.0
105 144 81.0
106 109 35.0
3 147 99.0
62 109 5.0
7 101 58.0
35 119 77.0
100 146 32.0
39 114 28.0
108 128 60.0
58 128 7.0
86 149 96.0
1 42 71.0
25 110 14.0
79 110 24.0
45 75 58.0
38 130 28.0
86 115 37.0
125 136 61.0
57 63 80.0
68 99 53.0
42 132 58.0
41 71 100.0
97 128 60.0
1 62 41.0
5 143 84.0
2 33 71.0
62 99 56.0
58 120 34.0
28 147 91.0
94 137 86.0
20 81 97.0
35 86 94.0
2 72 15.0
9 126 9.0
131 134 66.0
49 74 20.0
21 56 41.0
24 143 30.0
8 29 52.0
65 128 29.0
76 149 50.0
32 82 72.0
29 127 9.0
38 123 62.0
34 35 62.0
4 52 70.0
113 121 81.0
42 110 22.0
72 139 2.0
25 50 19.0
11 87 92.0
13 143 90.0
67 137 88.0
75 135 83.0
78 89 65.0
91 114 60.0
70 98 2.0
2 139 4.0
39 63 86.0
23 88 98.0
13 76 78.0
11 88 41.0
46 80 87.0
27 80 98.0
75 131 26.0
19 68 21.0
29 98 68.0
54 117 65.0
7 74 78.0
57 114 5.0
2 10 62.0
0 146 56.0
19 144 90.0
141 144 58.0
76 98 37.0
52 93 19.0
15 136 96.0
7 55 98.0
51 123 81.0
61 106 41.0
113 124 56.0
47 75 14.0
25 78 14.0
23 116 42.0
97 108 71.0
44 137 82.0
76 86 65.0
91 147 9.0
67 88 68.0
111 137 45.0
133 148 96.0
20 121 86.0
35 115 86.0
7 104 55.0
51 101 31.0
12 87 93.0
14 46 29.0
52 125 37.0
49 101 70.0
112 127 35.0
22 110 9.0
66 122 3.0
34 149 47.0
5 13 12.0
25 111 58.0
118 143 6.0
14 59 57.0
13 114 68.0
96 144 52.0
52 55 28.0
68 109 59.0
119 141 49.0
16 43 14.0
80 126 65.0
75 134 23.0
9 39 27.0
61 112 41.0
92 120 55.0
3 91 98.0
3 32 12.0
70 126 5.0
5 115 62.0
6 117 6.0
85 121 62.0
34 86 25.0
52 107 99.0
68 106 41.0
17 61 21.0
78 88 79.0
39 126 25.0
63 126 47.0
30 48 42.0
97 131 89.0
15 125 58.0
31 148 41.0
1 109 91.0
51 55 31.0
63 76 81.0
14 87 94.0
87 88 55.0
10 100 89.0
73 145 80.0
49 92 15.0
11 23 1.0
55 101 16.0
0 1 16.0
58 131 64.0
22 25 59.0
61 96 92.0
5 69 39.0
70 76 11.0
78 109 15.0
37 137 69.0
52 104 21.0
20 105 83.0
64 88 88.0
80 87 60.0
39 66 87.0
85 105 25.0
100 132 13.0
36 141 86.0
52 117 35.0
15 72 67.0
22 89 26.0
39 91 19.0
19 99 45.0
96 141 100.0
52 54 79.0
42 100 72.0
14 80 54.0
5 76 9.0
82 91 49.0
35 69 18.0
64 70 14.0
30 36 38.0
58 92 25.0
17 78 28.0
64 78 97.0
47 131 27.0
20 99 11.0
49 51 98.0
19 61 2.0
94 110 58.0
110 148 28.0
25 94 24.0
27 59 30.0
72 121 6.0
1 89 40.0
47 108 82.0
94 148 7.0
64 87 28.0
70 80 73.0
61 78 71.0
100 133 48.0
32 43 89.0
18 47 7.0
134 138 5.0
39 43 64.0
11 44 95.0
74 104 61.0
17 112 89.0
40 135 29.0
124 125 96.0
61 144 79.0
11 14 24.0
18 40 54.0
21 49 57.0
113 125 6.0
25 137 52.0
24 103 7.0
58 134 38.0
36 92 11.0
103 134 13.0
103 118 5.0
29 64 29.0
16 32 6.0
104 117 38.0
1 72 66.0
49 120 33.0
76 126 64.0
59 66 62.0
84 134 12.0
32 41 7.0
84 103 21.0
32 91 66.0
49 128 100.0
103 143 56.0
20 72 44.0
43 91 93.0
100 148 73.0
21 92 38.0
6 10 39.0
58 69 58.0
70 87 15.0
32 103 82.0
35 36 34.0
65 74 10.0
59 71 98.0
14 44 53.0
10 31 51.0
