250 605 20
0 15
1 7
2 16
3 13
4 7
5 9
6 5
7 6
8 18
9 17
10 15
11 13
12 9
13 15
14 9
15 11
16 4
17 4
18 0
19 5
20 18
21 3
22 8
23 17
24 1
25 9
26 13
27 3
28 4
29 17
30 7
31 3
32 16
33 12
34 13
35 10
36 7
37 10
38 12
39 8
40 19
41 17
42 12
43 14
44 16
45 18
46 17
47 14
48 15
49 14
50 17
51 5
52 4
53 13
54 18
55 0
56 19
57 16
58 12
59 8
60 7
61 17
62 7
63 18
64 17
65 0
66 16
67 0
68 12
69 9
70 6
71 14
72 11
73 19
74 9
75 15
76 5
77 6
78 15
79 8
80 7
81 10
82 3
83 5
84 6
85 6
86 15
87 17
88 10
89 11
90 19
91 7
92 4
93 17
94 10
95 17
96 0
97 18
98 10
99 7
100 13
101 4
102 3
103 7
104 2
105 14
106 5
107 13
108 9
109 6
110 7
111 12
112 15
113 19
114 5
115 9
116 9
117 6
118 14
119 13
120 18
121 14
122 18
123 3
124 11
125 0
126 4
127 9
128 1
129 10
130 9
131 9
132 15
133 7
134 14
135 13
136 6
137 0
138 11
139 0
140 10
141 13
142 18
143 10
144 8
145 14
146 12
147 11
148 1
149 5
150 17
151 11
152 3
153 12
154 13
155 18
156 15
157 8
158 16
159 12
160 4
161 14
162 15
163 2
164 3
165 14
166 0
167 19
168 10
169 17
170 10
171 9
172 11
173 10
174 15
175 8
176 5
177 19
178 11
179 5
180 1
181 10
182 18
183 1
184 11
185 6
186 8
187 9
188 16
189 1
190 16
191 11
192 7
193 13
194 13
195 19
196 4
197 3
198 4
199 7
200 19
201 15
202 15
203 9
204 4
205 13
206 7
207 8
208 4
209 11
210 2
211 6
212 4
213 2
214 17
215 4
216 19
217 14
218 2
219 10
220 9
221 0
222 9
223 13
224 15
225 14
226 9
227 14
228 3
229 4
230 9
231 7
232 6
233 12
234 7
235 5
236 16
237 4
238 10
239 9
240 17
241 19
242 4
243 3
244 5
245 6
246 15
247 5
248 5
249 5
148 227 96.0
96 243 89.0
117 160 95.0
182 208 1.0
120 184 37.0
1 138 18.0
4 48 87.0
111 212 15.0
79 136 90.0
51 141 75.0
100 172 61.0
11 220 63.0
85 107 95.0
104 191 2.0
47 86 58.0
29 80 59.0
22 235 79.0
71 101 52.0
85 194 21.0
78 222 17.0
57 158 4.0
94 108 44.0
58 246 50.0
39 86 89.0
65 199 32.0
33 219 40.0
39 47 98.0
21 26 61.0
175 193 68.0
108 113 55.0
62 119 57.0
13 36 58.0
60 237 91.0
147 152 91.0
76 219 34.0
65 72 10.0
3 81 48.0
48 110 5.0
103 171 92.0
46 57 92.0
127 171 62.0
228 229 60.0
134 245 93.0
43 93 85.0
95 209 72.0
24 69 49.0
170 234 31.0
25 186 71.0
16 212 26.0
53 221 96.0
144 225 25.0
118 123 98.0
141 226 62.0
13 76 49.0
31 197 94.0
71 84 85.0
41 178 50.0
60 73 34.0
51 226 88.0
139 238 97.0
107 194 46.0
116 153 56.0
15 230 33.0
30 133 42.0
0 219 38.0
193 209 51.0
121 129 60.0
145 244 25.0
58 140 76.0
155 206 51.0
22 198 32.0
129 228 9.0
13 219 31.0
114 238 21.0
114 182 94.0
40 70 86.0
93 221 80.0
76 188 79.0
84 101 71.0
114 208 76.0
56 61 64.0
30 146 83.0
68 205 44.0
99 215 49.0
33 76 20.0
36 219 67.0
44 136 13.0
105 164 82.0
152 234 93.0
161 202 48.0
192 224 30.0
0 33 76.0
38 223 9.0
148 207 17.0
73 237 17.0
183 185 90.0
148 187 48.0
19 229 34.0
17 216 45.0
1 146 38.0
118 210 3.0
162 202 64.0
19 40 63.0
77 206 94.0
187 230 63.0
129 229 100.0
12 100 90.0
34 189 40.0
50 138 93.0
132 157 46.0
202 204 74.0
56 155 99.0
131 232 74.0
138 146 74.0
180 206 92.0
158 184 47.0
77 155 41.0
170 194 23.0
16 156 45.0
125 223 30.0
131 249 55.0
236 245 91.0
7 107 76.0
58 248 65.0
61 206 13.0
9 69 5.0
72 199 92.0
61 180 100.0
88 239 8.0
38 202 42.0
20 160 50.0
46 158 91.0
95 137 77.0
137 240 36.0
112 145 5.0
2 28 17.0
92 183 11.0
66 101 9.0
20 117 82.0
159 171 58.0
42 176 45.0
49 185 20.0
181 218 16.0
52 210 6.0
244 247 46.0
73 134 28.0
231 236 78.0
33 140 31.0
110 143 23.0
8 243 87.0
176 207 30.0
66 233 67.0
188 248 7.0
3 98 92.0
103 127 62.0
151 215 12.0
198 235 72.0
8 96 67.0
1 50 97.0
102 188 80.0
201 237 86.0
29 164 58.0
57 184 44.0
118 180 43.0
26 98 1.0
37 163 4.0
7 85 72.0
2 194 48.0
127 200 89.0
39 45 56.0
137 178 65.0
67 238 16.0
44 203 6.0
140 165 54.0
92 185 20.0
116 198 71.0
66 71 14.0
47 75 11.0
84 241 6.0
10 122 72.0
70 205 94.0
67 103 49.0
35 83 37.0
19 228 36.0
7 226 26.0
110 186 29.0
174 176 49.0
145 177 38.0
48 186 14.0
48 143 83.0
10 99 82.0
137 209 82.0
45 54 31.0
49 183 29.0
146 155 45.0
31 90 85.0
82 130 71.0
77 166 15.0
37 63 5.0
35 152 12.0
3 26 3.0
216 246 26.0
62 72 34.0
162 204 68.0
107 170 67.0
153 198 97.0
57 120 59.0
90 241 43.0
56 206 94.0
50 115 9.0
87 93 65.0
51 191 54.0
123 210 67.0
87 141 98.0
30 138 88.0
101 241 68.0
12 33 37.0
9 127 78.0
140 248 95.0
53 93 64.0
116 196 50.0
126 237 18.0
24 211 13.0
5 167 67.0
5 28 27.0
218 235 89.0
68 70 45.0
177 242 89.0
46 153 51.0
123 233 87.0
38 161 65.0
110 135 77.0
0 12 39.0
18 59 52.0
198 218 81.0
94 181 6.0
6 15 13.0
87 147 68.0
73 167 94.0
175 248 7.0
95 175 24.0
121 228 38.0
2 170 36.0
109 213 80.0
171 200 71.0
197 211 75.0
119 124 15.0
58 165 91.0
112 168 57.0
49 233 85.0
133 169 4.0
21 173 84.0
179 217 100.0
21 98 53.0
41 240 46.0
74 106 11.0
8 162 6.0
35 147 1.0
10 161 95.0
72 119 71.0
202 223 20.0
52 185 47.0
207 230 26.0
156 192 59.0
216 248 53.0
134 236 47.0
39 172 90.0
135 186 23.0
79 203 46.0
36 201 97.0
92 157 4.0
49 142 49.0
83 154 45.0
63 174 74.0
64 223 34.0
153 196 22.0
150 154 25.0
151 222 9.0
97 160 84.0
51 104 23.0
175 216 77.0
164 220 21.0
53 141 18.0
126 201 99.0
121 229 1.0
53 189 47.0
191 226 27.0
116 195 3.0
55 82 13.0
10 215 58.0
163 214 82.0
148 230 35.0
29 220 1.0
76 102 10.0
27 177 2.0
40 124 84.0
12 165 89.0
115 138 99.0
78 247 65.0
64 133 73.0
123 180 100.0
74 144 57.0
86 172 55.0
80 105 67.0
81 178 66.0
19 70 39.0
51 53 99.0
34 92 44.0
98 190 70.0
13 201 18.0
75 104 29.0
147 170 28.0
99 122 21.0
32 88 22.0
20 84 51.0
166 206 51.0
145 247 17.0
37 174 69.0
63 224 39.0
153 218 100.0
14 200 58.0
29 102 5.0
67 171 19.0
37 214 69.0
3 21 83.0
168 177 2.0
89 174 2.0
32 130 74.0
125 202 10.0
6 213 16.0
9 14 2.0
67 114 61.0
67 139 28.0
25 135 66.0
49 66 61.0
102 248 10.0
83 121 19.0
105 131 1.0
158 196 43.0
181 235 85.0
34 179 88.0
35 43 32.0
25 48 41.0
157 221 6.0
193 248 100.0
157 183 45.0
9 111 19.0
63 89 23.0
105 249 52.0
79 190 25.0
30 77 27.0
11 164 74.0
176 227 87.0
1 56 78.0
172 231 20.0
195 196 2.0
137 193 36.0
169 214 50.0
122 161 17.0
222 247 65.0
12 231 85.0
107 226 84.0
128 249 67.0
19 68 42.0
11 29 100.0
38 64 10.0
8 45 25.0
14 55 97.0
107 147 26.0
150 170 77.0
6 230 69.0
30 169 48.0
67 182 56.0
35 234 88.0
77 133 4.0
42 174 83.0
231 245 27.0
235 247 77.0
89 176 94.0
10 151 54.0
5 134 22.0
93 132 62.0
19 124 29.0
3 79 19.0
163 174 67.0
166 217 23.0
21 81 39.0
31 211 33.0
120 149 73.0
20 71 51.0
33 248 85.0
118 206 53.0
93 157 49.0
66 142 66.0
94 218 92.0
55 88 30.0
2 5 50.0
74 225 52.0
87 107 10.0
22 247 33.0
66 241 57.0
165 172 46.0
35 154 88.0
92 189 10.0
153 158 31.0
99 195 29.0
54 165 97.0
53 157 89.0
173 222 21.0
17 95 38.0
80 193 71.0
112 247 86.0
201 245 80.0
23 164 76.0
102 201 79.0
195 198 100.0
5 85 58.0
108 225 40.0
66 123 32.0
86 104 34.0
176 230 60.0
63 192 12.0
76 201 76.0
0 245 39.0
36 245 8.0
24 67 5.0
23 105 66.0
83 229 11.0
132 183 67.0
109 192 61.0
204 217 57.0
210 233 31.0
4 113 9.0
93 141 10.0
84 90 23.0
104 189 83.0
8 202 14.0
98 173 68.0
102 193 19.0
31 241 94.0
121 154 28.0
2 150 38.0
235 244 8.0
109 156 83.0
35 150 42.0
47 104 77.0
3 190 32.0
210 217 44.0
29 193 12.0
34 52 85.0
46 218 70.0
124 228 17.0
48 113 82.0
34 185 39.0
185 210 38.0
16 109 9.0
89 192 33.0
59 144 22.0
68 229 94.0
165 216 93.0
151 243 6.0
132 205 78.0
114 211 82.0
79 178 21.0
96 202 44.0
27 145 100.0
22 195 68.0
35 87 21.0
77 125 82.0
91 203 80.0
81 137 59.0
151 173 17.0
42 149 46.0
184 196 21.0
195 215 78.0
15 213 10.0
8 39 25.0
193 240 72.0
64 122 53.0
41 44 60.0
10 243 95.0
118 166 83.0
111 211 89.0
11 201 24.0
59 225 54.0
50 224 81.0
43 83 2.0
6 109 60.0
7 231 50.0
59 143 99.0
106 242 97.0
40 119 52.0
219 245 82.0
50 56 89.0
52 217 8.0
56 123 2.0
52 179 68.0
53 92 28.0
211 212 41.0
104 179 31.0
55 239 26.0
133 223 72.0
48 108 82.0
145 235 62.0
104 172 94.0
21 216 55.0
34 104 66.0
12 245 99.0
212 224 65.0
25 149 12.0
90 117 81.0
112 173 96.0
90 114 53.0
91 168 32.0
108 143 75.0
72 228 42.0
44 178 51.0
202 217 67.0
67 211 48.0
29 201 91.0
80 131 86.0
31 114 11.0
118 217 94.0
89 109 49.0
128 232 74.0
131 240 59.0
90 160 74.0
126 167 24.0
108 235 50.0
168 190 65.0
90 208 27.0
183 205 38.0
106 225 23.0
8 75 76.0
22 215 64.0
162 217 98.0
196 214 75.0
125 133 4.0
20 142 76.0
173 243 69.0
25 120 91.0
90 97 47.0
46 94 85.0
20 90 78.0
43 68 10.0
55 109 5.0
59 74 27.0
54 216 67.0
85 231 59.0
214 224 80.0
120 163 16.0
176 213 30.0
80 240 68.0
44 91 45.0
119 228 3.0
44 240 61.0
59 110 79.0
70 142 39.0
173 247 75.0
197 212 39.0
55 159 34.0
85 134 88.0
68 83 18.0
122 196 80.0
23 126 41.0
21 54 44.0
106 177 69.0
162 179 61.0
79 91 24.0
67 97 52.0
122 133 72.0
25 94 79.0
9 109 98.0
106 168 56.0
59 108 70.0
94 120 56.0
98 168 33.0
8 173 80.0
82 159 72.0
31 50 86.0
122 214 70.0
91 106 90.0
184 214 20.0
135 149 29.0
8 21 52.0
106 108 22.0
109 176 75.0
59 106 10.0
18 135 96.0
150 167 39.0
230 239 78.0
18 106 5.0
44 232 97.0
31 224 80.0
62 142 9.0
154 199 29.0
44 131 11.0
20 62 79.0
55 230 3.0
62 160 55.0
135 187 66.0
32 187 19.0
126 150 96.0
18 91 53.0
32 135 25.0
