816.4476978711399 648.0897329731035
369.1702903919938 321.9412145577337
967.4014967272054 447.85828120719196
630.4121287227483 851.0084271681985
84.85591128274173 775.0284448342215
933.2140007581824 524.3403047529079
48.38353542324902 317.08287605948817
866.7652672739122 458.66535181762237
587.762428303726 589.7876573658596
251.64910529347796 118.57301012824162
459.5192466281369 601.4034927111675
948.3712167712947 780.2857031210494
769.9573534397468 619.4190940534414
831.9406957187264 688.2432329791434
181.70864095458793 119.46861700558298
42.55173785202815 371.98664304135644
218.4336829639334 200.16962778921365
684.0736889630078 787.9299460649582
46.35691121978791 976.1180097150173
877.6812265614525 161.07064805828765
578.7607999447331 58.453014038988506
595.0353994258415 791.813852032399
311.3216101131454 717.3068120100712
991.2622054453482 862.0843747538856
309.1129949456761 103.55564757384894
43.95808918208899 705.1834921711918
604.816199823895 808.8386071030991
287.62129121907043 837.0111211337664
970.9952242150305 487.17803417093086
877.3817345979099 808.0425101149737
387.49437241449067 373.95234206051
421.6948958665133 170.8886330717363
1.0062369365690937 77.41102784033683
788.5093496475299 667.9960853792666
684.0393200143573 358.5416257907661
911.7703033861656 304.3378851754497
837.7954758610083 668.4047701229964
214.4594916507415 427.42690831518706
480.4235266133021 509.29388654298225
692.2459494834708 556.3815683545087
847.5588113959764 141.26618994616123
704.590569478652 909.439214106791
84.45651842331748 475.5707716062306
842.0005068342884 322.1211147009915
611.3409852982865 968.9160739311379
664.6858293086894 592.4848184758214
211.41768554464514 640.0279498438484
684.0409088522972 540.2123079453348
80.52519611784203 767.3810226808646
645.9827183843503 224.14579104319043
326.5854084580543 328.442008272951
799.5259950575942 429.58151981637826
603.1181601057234 300.5866463262875
781.6194981987452 365.71106147910126
644.7169528717062 636.5939493668193
113.47192954631569 83.0819696807138
438.4254842023208 295.165747942432
200.7079438954673 620.122721569449
744.9568097555539 720.6400766077531
73.87963797203867 928.8229172745241
953.3413604661475 647.0579293766039
469.9582350361252 293.26766283338736
875.0982034887579 12.823278494882295
190.7601979138126 384.26421099077623
425.4453975593242 456.3481003819432
935.8925452006558 26.450764602843236
587.2660526420786 184.5195624898849
325.0241581961937 12.94892189526764
804.0725943453466 180.13783415735475
290.5542571992654 118.61667215054817
819.5758476123575 129.30417039451493
573.9250397731017 139.69331450801025
917.8669461825677 37.59874732004642
945.8207629571831 622.3178048346462
220.81370443648717 961.1639779249971
686.9143007320007 493.4907507237941
807.5306133149604 694.1386650479333
461.0223915320071 365.9257605823205
452.3826906685594 751.778101066988
611.1326391888158 929.3410521990927
866.0148325133699 816.9101437240721
652.0992836967433 848.9685996174383
73.85884668311039 32.14255432129287
940.2942239334647 266.7409966714771
556.0314464734973 121.88161996549107
907.6606756076525 439.5946938907009
698.4356778609673 539.8180148549662
833.2410354936206 379.12328677819653
43.70121185956399 129.4218143914342
120.41602869352808 362.5648426272765
463.93087063417283 146.3150340399929
460.5186652341242 998.6083914470836
688.7460272473483 292.05193862849944
819.5954817077451 329.5618985487063
195.94336368291653 783.491661653193
741.7018660818226 852.8436499765752
561.3302827341842 623.5823512459566
492.0523635757197 5.387905719346664
588.6685794074139 849.9874377246692
423.7491937150904 633.8889608021501
757.8205118436208 584.9436994996965
564.7628817190343 151.88711193200533
843.0234348469759 748.5170788366219
286.13729743165584 39.54983076732865
746.654327227753 463.2892153946685
899.8257752293807 873.5879973036111
274.1412296487764 987.7550177611739
896.3766612885424 434.42285371291746
195.70287224131323 800.8984329159741
122.84749842663823 231.47358697152865
59.81339585742318 774.1886295582462
246.2664678320119 191.682358198747
432.47131745923883 828.1532297255703
176.02013240618518 796.7649796885349
387.8530341271984 44.35612201653083
322.529467461392 379.02562055044655
285.62568877299833 646.8125398462128
541.1687544960838 45.83926420608564
543.2817906579298 289.73359233477635
858.7139282252821 25.419985211140418
151.67788691649932 611.3148752380483
967.9336498187708 200.89587982463618
427.7791579984752 566.7768753154638
553.1601599832527 267.2587706346062
871.800433356543 80.89635349499858
518.4105696854261 457.98192540379654
957.5927953124033 702.7403359007267
253.85931591564648 66.42699101412342
982.61930157607 994.3828568763277
943.1336969986994 188.90927474474373
28.49330867368327 13.746011464205399
891.4432227425888 944.7000592949441
777.9587969530681 261.79111536050226
390.80073919503366 400.97162977666324
911.6610801102905 600.5405286966856
6.210757170300507 764.6889395912914
605.1870760453597 936.7520774104903
752.9334629399393 890.2896429819673
363.28241681879194 328.1446429806677
365.437575597506 70.58040196030512
759.8423790495688 697.1353884262609
806.8651794997503 423.5321941978123
668.4377371099771 166.72782940066023
68.89984490572554 814.2374905319069
176.01704093925673 913.0417179410538
393.7943972826421 820.6395685872345
397.60049761515927 343.63778251830433
884.5562954714841 357.9376760796991
27.63747226536084 454.866096562936
74.95745990209424 584.6158532819444
996.1922662825621 355.65900833822474
477.3445052883716 678.380202764176
904.9363257914275 353.1495732003592
261.4511253567954 659.3021301071755
995.9993635946495 293.16088784692727
444.87622407072524 331.6568369658378
221.24164814872339 238.0569721699971
749.9613120614952 285.66020623537315
196.45913502588851 603.9104194003346
255.810642921245 8.120041941291678
544.3476911646032 39.9618632449561
502.23545851111993 558.9340560944008
543.2650117810493 549.5887153478656
212.8955744126658 472.2502316732369
906.0632640543928 841.0005071774552
725.2504571721204 666.7014696797227
502.308125884978 392.6660232745033
961.5277138339545 568.9888783894073
410.5945038756097 881.3881697554004
349.0619968914448 441.42552812714354
934.4624601429668 402.5779693872339
265.1330153321578 46.719555440151495
746.8483795437699 584.6624947588623
543.1067778870763 765.5818798268376
146.16499567016993 426.91917679846483
768.016984082737 803.5357532460428
99.75129503754809 438.62564793332814
352.1589305772666 844.3287461524167
707.9163578679603 884.2489194042896
638.0450812388865 413.7212204712797
504.6498604921328 311.1711184840311
248.18662550229075 766.5909121777802
402.58048386170054 17.829396090521588
685.1527566828282 252.686062305013
158.76380989895821 606.844472553005
651.7053258311204 263.8715517678869
54.639909954491415 726.7892529799464
9.729849699146476 424.288102079138
806.726789549681 724.779007651387
718.1525117834602 372.03786803708283
543.8354113765095 899.4304708661485
760.2616172755526 462.9242094682683
193.56005524940144 292.5270485873126
778.6432727653928 820.2336481276864
923.1824848102539 438.74471242190003
340.6836746329179 613.188847784843
267.8199582031371 597.3258733624351
396.9661211033281 166.41107123714738
299.3812293945471 691.4227704530326
952.5063314695959 19.78021562515231
209.67759413512545 56.7730700609711
898.2570830244684 679.735835175926
515.059955177256 527.3514011260054
565.5852266439821 970.6686571692608
539.9875369551555 500.13241797587926
781.7393727522062 157.26042624448277
473.16404332233907 331.8948575515448
58.42423693128984 439.39350679003843
409.67805450318616 21.940694361727296
763.1787134216216 843.0094517830612
566.4644118990298 317.12080461123315
346.24736708355596 141.00801287005726
242.73057845174094 200.27078488448856
111.10942682024383 286.48397018244174
276.1612672971916 458.0924323844288
438.41733683804694 662.5274392672378
714.9176568007497 770.0126131173633
579.6917850549175 415.5657247445269
258.4280631036333 727.7636329466861
805.6430352253423 673.2253693286009
938.8644447160044 787.3061338582039
792.8213955414222 344.14839033655534
460.8953865057387 738.7186302851438
484.4412212193453 475.17643972600763
214.10964134619215 319.8987512372449
178.81751018813418 888.6701170515232
821.658256121187 443.3855884055303
28.028268339784557 457.15244421779045
924.8180076952938 165.29357364522446
907.5886193071603 180.46760754124125
22.357408731133344 390.2354772130783
817.5127937769881 561.0973462273652
856.483823800068 958.2795358617082
587.9111259328544 226.07054758958355
923.1491020559453 381.4696201690182
311.28360894293627 732.549256540835
856.0239749094325 574.4313240545678
934.4058594862753 655.4663417957398
357.52457984248565 45.11598497897851
25.6342604298927 164.03252585940166
760.9015587923512 928.8570714223981
513.7527392238524 142.2630026246876
347.7257671943988 897.7458708369686
567.5299435909504 625.737793348374
388.30689035508317 793.5492308493274
889.643172240323 592.4427701699256
727.3787226030373 722.1908210189646
387.1719935889251 753.2436629076371
772.0409428058957 747.9234448099411
929.3533301754538 941.0356162327744
