525.7255969096691 911.2514842550368
877.1573523507668 951.3945823420676
984.2557643095168 214.94188302162198
882.7535744780739 518.670919843037
228.43766642965335 243.4590873948761
227.8831786198776 472.9012071260457
246.03164845562497 793.4986601449789
105.44203474888769 40.919817026667474
387.4293219023165 663.3613052641557
259.71817475760827 451.5077766287523
299.9930368581517 195.38879323703716
512.0328691193639 673.9489730211062
898.092482913364 819.8388021683783
108.14943437017132 681.7461414797799
300.3640218739225 827.9653302614804
656.1247991837349 162.25712087231403
441.80551070648124 743.8878151380468
674.4698399246289 393.4579146978713
297.465017482328 491.39293480234136
969.2693849872142 683.1344449775191
205.59449716386902 317.47817282405975
878.7281051981428 311.77975007492364
293.29946977870327 891.4680082333359
791.1660924785805 322.06643614924934
230.06452945769297 48.96855652364385
453.9362696853497 765.5665970091193
325.53074225020305 789.7851174980322
436.45106917277496 427.7160703744538
37.44552413802904 426.56773088773537
444.5710958749085 551.3299451967118
216.19953250544177 361.83399327106594
761.4946233883029 841.1258926075219
698.9556300369763 592.1500812150397
21.488695626706967 609.9263101837788
427.14836483190413 712.0488923326809
814.766211027616 715.3534693294343
637.9774908678512 845.4529687173524
496.12962373113237 9.467554385562128
923.2763921042219 292.92401169600765
158.50524364118468 377.9375644788292
480.9957220061585 64.81646424097664
549.1016003278527 259.36016082135546
812.6044713449103 700.5745712519172
922.4936654255432 249.29194051946868
563.908574951505 46.7165564764912
758.4466132473168 534.2748739522626
895.9289430301967 989.5589965541639
966.9757378804194 86.73779292115813
621.0174861108455 0.15303252040632653
568.6792938449889 184.47676947149637
196.70224617672682 70.14416290673198
135.06920933611076 814.6301399979092
129.18655861788187 185.84561708841184
426.33539536116314 100.05067612365848
625.5852381983353 361.19947171413634
74.41268639797616 649.8050424331882
129.49947056889576 556.6501827133471
156.46087627358162 98.3438944391064
318.2825116211507 305.0913410084178
119.8549497508965 625.9447243303167
660.9661927276389 894.8708236896696
176.9366506150766 311.24845182003025
509.80430198165294 979.807104839021
566.3126867875003 300.33952794064845
441.7457902377097 639.5638630823777
725.7170046717463 678.3473673448201
615.1845048276646 505.7795721414153
286.6763931291331 596.2056929356452
580.7056262390405 211.3372700674776
472.7362914014509 921.9188645716139
903.4900133939318 661.1171725799454
3.1266927866951955 596.2638982765093
430.0504357692021 500.26607808606184
900.1560783649829 181.24164885322423
874.8494135146789 603.54359141405
2.5056383117262326 85.2910298170747
472.62354582606224 554.5880840682057
707.0429026577035 303.4918341688988
942.0178246168194 933.1684117166953
877.8742570812132 786.7472691276832
726.8968723772894 485.0706460804024
844.0001374129911 875.4436320072849
133.58048203773276 419.2485853711655
343.28590581826734 303.2435511343028
764.5232289138204 83.27598028728566
296.85414920176146 274.9286370406877
903.2567754127922 854.6430924403257
872.0340327894362 59.886606900703356
262.5381904204613 670.9377670819811
464.65286727257484 224.42160426200886
328.6805264791243 629.4706170445069
45.83611161780998 975.2131372913813
563.4846572137455 750.3229686980777
819.8477746158189 337.35579981204876
824.6852901042774 452.88128458164834
149.21272712634448 835.1699652663389
674.1016737717483 317.04910155834295
382.35691930386616 674.0235560197063
303.48011015961697 205.489387138322
678.5851601218069 897.6438714795542
628.988617659722 997.2656674909836
771.2869899314456 481.40095827420106
895.1610415882353 941.1657315059621
723.1951262375461 962.6278989975207
153.91946097155773 760.4383637491323
459.49691627096234 331.13074148692954
942.3259868890157 13.892619873492551
915.341666568491 283.57270907472554
307.4362712364309 994.9154059232038
801.3056772075688 986.5464248428823
994.0500516791889 933.8260746748806
525.0477134097165 212.42424410484796
110.26046760206998 178.96665117550737
709.3625269143766 934.7701308275048
661.9783726954593 108.17298570466238
430.186258938092 708.4270331553435
430.43160621690004 483.9790459298784
21.069356682395846 496.8671080328064
53.60576572618625 418.54035869077455
149.3461449354694 123.38517606519295
543.9256958161317 571.2347041440366
786.5836954165475 120.68498844551523
765.740367632575 981.9980887077555
747.507953102751 236.94136532303833
599.22775369305 44.32698486959996
377.74658238428816 332.0365429147702
672.4979760875543 839.2390432830895
199.07135255903518 179.47945263869215
917.5777283578387 318.19437927143423
880.2398890784111 590.5709231628445
643.612614435873 469.5765543200132
627.4779664148159 568.2148853732639
677.0445601588851 990.264945242181
573.0921022148033 61.13380932074819
219.97897228884779 17.782744145716567
722.1829651342206 892.9640026013237
60.63586090798812 330.62366521034323
436.9942520376134 585.1414358446721
516.409857470682 103.21459689993995
218.43292987875586 413.5033708250565
279.337185474792 911.9457619505088
593.83584413976 488.60679014703624
260.37195873290506 388.76643952013166
20.693267909748126 208.83899468952316
963.3925557605684 802.7421960268308
469.8562032471949 317.3797491025064
976.7418125432097 701.0209822267079
967.7057704688494 913.140673076254
881.4296449965854 413.58724919066725
970.1900407663414 695.0977490805126
480.04916046586334 44.98557071474685
431.42429088927105 318.6005165662837
559.0861929390035 263.5499155239727
127.02285194781749 538.1729561439322
303.59226413143926 26.611221958438346
9.779116034145385 276.29310122619654
209.5606702490831 294.16935669030585
897.2947999583636 699.0425306232356
551.1407167076934 990.3502324335423
872.842438844666 665.8695693113401
90.84324405780109 292.3495614699843
880.5333954301523 438.81414318730185
465.025572804763 864.2146274656894
315.0053760435184 373.869522833387
772.2974936697709 144.1532408104953
963.9543867818624 449.0513729886689
239.6107197417595 676.7812990651129
361.23945273711143 10.212266145812944
239.77157851505703 668.3267053722644
96.8899646182132 956.0228423222484
833.9203067218436 152.41456702058898
496.0505931946673 791.127362059982
41.60043551091175 429.9328693421416
516.9444917372157 309.97009082431526
874.6795452673832 143.0667154421297
170.7614104178572 642.0861138405236
611.5609768493504 422.6469161902546
500.96971389011156 97.28082018062845
480.15603871288704 957.0553813991555
128.90970675273084 962.4583566147046
789.42971439144 719.4752482058598
232.43879047549575 486.7139836908688
364.50158096177097 435.5643685255124
638.3905585069539 55.08310308127484
176.04387486516183 85.01486299967954
361.8402304986277 794.3147666726719
97.84302078278017 374.4329036607995
987.8434638453284 882.8582441388631
256.31869288747987 699.931504986318
733.7244825429045 639.3792597571652
937.8283122018358 815.5870229120553
922.3095530998287 671.6930154254728
513.0056400682837 92.65163098028862
618.2526263067158 636.3253954405188
682.528178025799 44.4846364446897
469.5253056380335 936.5966596731172
875.5622614586634 97.08780582560716
156.57180539683856 580.274123597719
517.3602452737462 435.4803119523608
889.0933805773454 217.9815617884575
647.4415285676088 991.7294261257695
453.9073444468903 810.7231171840883
139.41399033158964 822.464957052864
622.4570275941531 382.1925054819018
165.65805847506542 359.34968407863454
991.6079489207384 311.68243565731024
492.78228521882926 493.2787061239792
204.21917056541128 440.3867626976746
358.8224182554146 644.6739222657789
54.0358729617747 990.3024527064475
753.061323364897 97.52531985906532
640.8552094683238 203.18100919010752
644.8537146414097 91.76508492778879
51.34025095958439 829.7121804977547
178.2943283836461 606.9711155526409
749.7630009467258 821.3544126507484
204.46848334397217 563.1978064952539
805.0782728797881 907.5177192163325
551.8094254058491 472.07865299436656
582.6913068087206 385.79778104895814
376.86123066028387 359.11053551818304
956.1768757475064 10.263060543015179
791.3332780935673 951.8861251383853
528.2608940857963 155.49023117884198
368.451284315533 427.6915555893755
129.6125211960336 611.2536652614633
299.12459446313744 568.1531557688572
420.7588045574192 344.9576922249685
287.7929255446284 848.2714446719517
656.1265847387257 431.08737435162834
984.7962700958593 836.4147776481308
824.5333981021422 912.5336369230077
557.3374595533368 118.07579067330565
36.852483944374015 710.5864895452814
920.9879501860169 853.4799772139997
559.6937280084336 156.64862465068973
627.0209349761891 470.26336088024266
311.3862562480788 382.94644634449315
674.481256993825 243.6110478607677
515.1650672770704 839.7834407070607
248.3003001269608 644.8334365690455
353.17008588021037 724.5786155397401
177.91668667990467 871.0059386723706
21.587893849442374 199.61843484204178
152.84491184887383 553.2242509631687
868.0586103245034 876.3577653386593
720.8390943160421 157.37630590631613
889.9220209037927 291.67157963624345
632.856768703084 631.6718190296415
877.2299130234347 714.1215076352358
350.57709406086644 558.8869664991436
60.460599331794704 767.8873317943084
560.0560387349954 278.801546147736
276.1963041786603 69.98244393292252
197.87079243590867 947.6599907688471
781.8008338783488 978.7838129989611
325.97911198579743 155.4019918577928
137.83371156466285 912.6634724354649
623.8066667653269 234.6958514765489
38.35499157082856 680.2825943555607
516.281066855798 463.9411037803337
242.54770497078914 615.3168063726781
737.1023435984797 165.56902757882398
636.7307938557253 568.5557481154016
853.3321286247412 927.4776297759761
808.8683256236366 22.841266698469866
377.19996606166774 101.99151157576225
144.51590297313976 503.2675675741026
238.86799281507575 311.15174502805587
869.2673274615356 384.9887612558458
561.0599593252502 291.069938928471
580.3947447799471 952.7323277915553
889.3429337021438 345.6655926367376
366.62973283281417 4.328851266476419
710.085994691483 230.94036448858435
236.73439785590733 478.35949116007816
900.1601761447912 216.78316945676212
695.6626344817406 963.9879710758596
710.6809687438242 433.4243011076031
277.7032028356322 257.6522411314979
7.702577891784634 822.5577617149465
651.2789289361531 326.13534626489206
100.24629044407362 726.0457865580903
794.3872241854309 5.404162722758343
664.5560234859206 629.4256777529692
155.2179766181705 259.64721003695746
273.3210973894703 742.2738683543516
820.78080765317 3.7546678636903863
719.9014326302688 925.4734112963854
835.2633518902622 721.5452113188746
294.7258229688742 382.879609131478
468.68003027429586 953.2760157874955
300.20046310042994 459.832404101412
805.4944343353343 736.8415049717531
915.5763558955584 767.0462513744809
347.7382468178769 233.29214099577666
483.6144355674498 905.9937964769222
276.9558157304359 914.0653333824198
458.67003097863113 4.513860068777076
915.1045753002769 200.206687603969
298.05524223691236 131.74618636677215
70.19139960151844 860.310143709418
810.0397675319747 960.9802749441112
900.0437257798022 330.9781201225932
607.7691996791539 731.1603431889442
901.6153092430388 144.22352122020533
123.67670083067227 252.44604582246853
559.7946758825478 630.56796282609
809.313320874809 435.1503170696559
589.6208258176199 250.3643343980363
944.9023143926236 508.48661881080693
654.2350411592965 524.6862378988336
879.3907034362327 59.40121279919941
905.752568633921 831.2373597315868
924.1318258497791 973.1359208966487
211.77461715439128 642.3291934488759
47.85529222454032 798.0024055248517
770.114113935907 713.0477589397693
789.5144563742854 555.1185792393051
407.4670927471478 418.2338115127471
462.0824491479504 185.82659516570365
777.0693688462136 24.585958405283105
451.57797931555353 411.99413851397185
533.9941342002651 32.29187619876228
927.1338622329587 687.3076766571372
110.00629731082967 934.1891739031257
914.0995705706155 758.425240376025
586.7384601614109 967.3200492388818
570.4676628082309 667.0640867699815
987.9634696518146 564.4318348954647
987.9767603507122 784.3938292536192
467.6285064064282 729.7601655500031
720.6095719144713 780.2437863602439
654.4477482030883 629.2251793347988
245.93343362554333 208.67191183805312
228.838130627972 871.1300780070532
670.8428535845308 646.4884671204371
754.124776057471 4.602673137352853
953.6454064669826 672.0679085287583
246.3202324535019 769.1397314853015
146.06806371154602 766.3670356600416
383.16377422438006 240.5044866942584
481.05191334511045 634.6202115821501
141.77663914786422 961.7986064627626
494.33106924569216 923.9286300437476
68.9123831447751 978.3718671803978
466.77847701872963 427.46844991957835
903.1900477991014 108.86962391563316
355.35382436391217 45.180344932643
226.01113058234588 746.7436847927421
825.467140672931 560.1579466468851
824.6702994867719 646.5147373357423
130.02621160385286 77.19125746274457
589.8019309686297 781.6015697564122
570.4726395269888 811.9639836819555
968.1374985709667 898.21709219534
349.46390445700723 22.95151004228513
394.782680428846 617.2911075646822
841.337343192638 452.59266929529673
301.30913078479193 429.7501413769103
137.9602473514767 81.88242481465547
400.5905121614085 215.24497437204226
163.1916718767904 31.611409894219065
0.8350185192442794 243.74990267049424
369.66925072469184 329.9387072167378
155.15229714737112 811.7652250475873
724.7863573418363 275.20326888761184
610.9141001622863 114.35450877414044
159.30635236343971 816.568748601456
65.92824546858056 149.3481612921721
392.28300155759797 594.628464175218
207.71420570363986 392.5545763892203
523.8907504903137 707.9837708679928
968.6566347239102 869.5882638980426
21.27719751431134 707.2528279953522
176.3841965613787 165.61595811279452
842.422784296524 675.9871465196538
895.8333269033911 27.041098130800467
649.3700136858668 610.2649486918591
993.8160516826084 98.83096840972894
986.4374121346067 800.5638721906489
345.0582510534342 629.9914272176635
819.045713776608 889.0453988437553
857.8381444804336 920.8616907054884
406.8118661928227 636.3272214865677
359.3980294998288 809.829168936609
655.2970036876708 440.9513409658193
520.3960326426203 440.2418276252
282.1650052829369 852.7253523944202
271.51798876528875 593.3867022541366
428.0673113608363 722.0183438770135
995.508289890026 219.91690776380167
728.6169809161179 252.87374838257247
427.1647666113776 684.5621643449264
395.70580937799684 879.303641069246
281.8388504475533 49.92779240789791
639.7491704402007 369.99114596321294
982.3751939199814 725.4624894223505
958.6662283304665 687.80553995406
56.35993848124454 843.1823000286647
86.0590938704201 310.42117462747945
72.29555264807541 15.572611281505221
137.22246620869527 847.8837394642011
53.39282641117848 60.4709918789067
148.51378522510805 506.6369671410276
673.6414854392365 93.43028656915675
559.8250715137507 160.2770705860037
349.7084185752898 219.1694285349677
228.6202206392134 566.0267956950582
429.42658047186256 420.4570648193763
632.6637562033187 849.7049442170463
746.0222990925224 859.040003283423
720.4183180603956 245.71567013033558
771.3249745276067 517.7836374644752
203.82058423936422 967.0328163587909
894.824692002767 411.19251886183184
302.68464874618496 128.3434915344903
107.60923491786623 343.20800744085847
921.8915461022282 636.7752532917934
464.5389636752942 579.351664167463
215.29602159379658 327.52364500070206
728.1759069681149 238.2251523586556
694.0182548452615 769.4784322728123
700.2339625230076 346.52259225014404
800.489157019354 650.9417827557685
572.8809854455844 6.429127009024871
563.1797533692627 571.0313082375981
468.1299053699446 152.1867196901141
647.4366386437862 567.303835987628
360.38582167606324 289.3027899801216
640.7193575870411 59.81039042767944
349.0400931921547 367.6013712648523
754.9823253031989 323.6188160338506
464.02504528443444 982.3802673023033
205.33084990942552 69.64137161431161
801.3710440390845 262.5381278778248
260.26811809968643 116.39236447502243
499.73082875686913 518.895392469197
939.1503614543738 572.8365188626199
427.608442086297 99.86939674171236
397.12215829233753 342.02655133138273
759.5136957807048 852.0828668445913
134.44281937952363 694.4613138808967
827.3984081215663 318.5477636404274
893.6935683947596 582.376625732872
617.9817655779567 247.1209223926639
46.060918558441855 399.17616261741995
114.19834020681363 412.52704561608965
27.861830756667704 479.032041323155
968.782029051865 506.3682565905664
747.8610868029726 800.9304357947401
430.80866008818373 275.9750655982048
711.0124761448452 928.2953490550223
190.77651786833772 331.12883288754614
91.35542349578574 317.2005171777997
637.5586057915277 670.245633754033
420.46992150514785 637.0827671094031
218.8212462326219 488.6989368069672
597.0469869652209 857.5577183891642
340.2879212432829 473.62307370988776
660.4962295397373 421.8381098824859
302.3265586581424 978.594607586065
155.50591352379294 199.17497510852434
75.66102724041646 562.8142825339194
643.4454640517351 611.7013339013117
297.36220442110897 235.20575091396145
990.7191245989325 493.20988658226264
94.19084100759778 241.35849643733286
103.28357366483343 881.5396504058277
509.923636165884 568.9914922210797
298.53889105850783 813.3390712151067
460.0781601233518 628.6245942192672
418.02390302935345 629.9722260970559
628.462352706548 535.6271735065926
644.3300158253807 572.45145768211
656.0980752649573 734.8801013205925
462.75199977594485 120.0268068697814
923.1161784541542 774.9296554066747
217.52437665410585 432.72139092401073
607.0905139493963 388.69268726717496
576.3779871404893 705.424477504567
317.00896224791273 114.78299941517567
418.6966961725148 565.835684551612
481.56640011586103 171.2906877781848
567.3453378219498 605.2474324530143
937.1344082622645 387.6635027857893
462.11690162458564 37.41888087997003
201.02322760421066 63.251357307371194
375.48128442320484 39.72836866279683
881.2470227889094 795.0697272412331
889.7982132850126 914.4566794061491
350.266734324437 836.2741875899858
507.6203683953752 939.6207613314182
117.1218687218385 626.7177124203802
194.7897318425783 269.93652289269534
972.5982859125963 698.686658293035
576.0235074755313 243.63791062511442
890.8363664761562 631.2824091488532
520.2467397451609 122.54802737170667
875.7912960578934 353.83945807318304
