500 1382 30
0 28
1 21
2 7
3 6
4 7
5 24
6 29
7 0
8 9
9 10
10 20
11 10
12 20
13 26
14 13
15 6
16 24
17 14
18 26
19 2
20 29
21 23
22 0
23 16
24 19
25 11
26 4
27 8
28 6
29 23
30 25
31 29
32 5
33 1
34 21
35 17
36 19
37 19
38 21
39 18
40 8
41 21
42 7
43 5
44 17
45 25
46 11
47 6
48 22
49 24
50 18
51 0
52 21
53 1
54 29
55 0
56 2
57 2
58 14
59 25
60 28
61 28
62 9
63 11
64 9
65 19
66 6
67 14
68 14
69 5
70 3
71 28
72 21
73 6
74 12
75 3
76 17
77 24
78 27
79 28
80 17
81 25
82 20
83 10
84 25
85 15
86 13
87 6
88 2
89 24
90 3
91 18
92 14
93 2
94 7
95 15
96 28
97 29
98 29
99 26
100 7
101 29
102 15
103 19
104 21
105 11
106 2
107 6
108 27
109 11
110 20
111 10
112 24
113 29
114 2
115 5
116 29
117 22
118 9
119 15
120 28
121 7
122 6
123 25
124 0
125 23
126 23
127 26
128 7
129 1
130 12
131 0
132 6
133 19
134 1
135 8
136 18
137 27
138 16
139 21
140 5
141 8
142 1
143 12
144 27
145 13
146 4
147 2
148 4
149 9
150 25
151 21
152 0
153 23
154 13
155 25
156 7
157 5
158 17
159 1
160 8
161 19
162 19
163 3
164 0
165 18
166 12
167 14
168 21
169 9
170 25
171 22
172 5
173 18
174 13
175 14
176 15
177 21
178 0
179 12
180 29
181 3
182 6
183 0
184 16
185 12
186 5
187 25
188 5
189 26
190 20
191 22
192 6
193 22
194 0
195 21
196 0
197 9
198 18
199 0
200 5
201 6
202 23
203 11
204 18
205 14
206 27
207 13
208 10
209 1
210 4
211 3
212 26
213 15
214 17
215 11
216 1
217 22
218 27
219 10
220 23
221 10
222 16
223 29
224 27
225 4
226 2
227 10
228 11
229 3
230 12
231 21
232 4
233 0
234 6
235 16
236 0
237 21
238 10
239 17
240 11
241 2
242 15
243 24
244 15
245 24
246 17
247 22
248 24
249 1
250 0
251 22
252 16
253 10
254 21
255 13
256 5
257 13
258 2
259 29
260 3
261 22
262 12
263 24
264 18
265 29
266 4
267 6
268 12
269 6
270 1
271 2
272 20
273 17
274 11
275 25
276 10
277 5
278 10
279 26
280 27
281 23
282 16
283 0
284 5
285 9
286 0
287 22
288 14
289 18
290 29
291 22
292 5
293 22
294 19
295 1
296 17
297 20
298 22
299 16
300 21
301 16
302 4
303 8
304 10
305 16
306 22
307 21
308 27
309 17
310 6
311 22
312 14
313 11
314 21
315 24
316 28
317 22
318 24
319 7
320 7
321 24
322 29
323 22
324 18
325 11
326 8
327 12
328 11
329 18
330 25
331 4
332 4
333 19
334 1
335 7
336 3
337 29
338 23
339 28
340 12
341 0
342 10
343 16
344 9
345 29
346 10
347 21
348 2
349 24
350 12
351 26
352 7
353 19
354 25
355 9
356 2
357 20
358 26
359 14
360 20
361 0
362 20
363 19
364 28
365 21
366 1
367 29
368 26
369 6
370 8
371 21
372 20
373 29
374 12
375 12
376 26
377 22
378 2
379 16
380 3
381 13
382 28
383 24
384 10
385 3
386 28
387 9
388 18
389 22
390 19
391 11
392 20
393 26
394 16
395 29
396 21
397 3
398 25
399 0
400 2
401 14
402 26
403 20
404 10
405 20
406 5
407 4
408 10
409 29
410 8
411 17
412 24
413 23
414 20
415 0
416 29
417 22
418 20
419 18
420 11
421 22
422 2
423 29
424 0
425 14
426 21
427 17
428 26
429 5
430 18
431 15
432 1
433 10
434 26
435 10
436 18
437 26
438 8
439 19
440 19
441 13
442 29
443 24
444 9
445 23
446 25
447 16
448 9
449 10
450 23
451 13
452 12
453 21
454 22
455 8
456 10
457 23
458 7
459 10
460 12
461 29
462 18
463 3
464 12
465 13
466 22
467 13
468 17
469 25
470 1
471 21
472 18
473 15
474 6
475 17
476 15
477 21
478 4
479 20
480 3
481 7
482 21
483 25
484 19
485 4
486 18
487 4
488 8
489 8
490 24
491 21
492 17
493 20
494 7
495 6
496 5
497 2
498 19
499 20
53 439 65.0
59 493 57.0
140 297 36.0
235 406 44.0
149 495 93.0
34 115 50.0
146 495 36.0
267 404 38.0
183 430 14.0
28 172 33.0
198 387 61.0
300 416 18.0
428 474 54.0
378 464 44.0
365 368 96.0
113 452 13.0
36 410 87.0
228 388 73.0
87 312 71.0
456 472 76.0
434 487 98.0
167 273 94.0
264 383 75.0
50 487 72.0
125 364 65.0
166 168 5.0
263 474 45.0
400 454 36.0
50 434 28.0
294 326 98.0
182 224 69.0
146 149 39.0
51 202 50.0
79 489 86.0
352 360 51.0
131 263 100.0
143 243 87.0
288 452 94.0
181 275 24.0
163 237 68.0
104 340 20.0
229 386 91.0
34 390 36.0
27 409 79.0
284 333 47.0
229 460 13.0
5 275 79.0
63 270 34.0
10 98 71.0
412 421 87.0
41 152 25.0
392 412 66.0
294 477 77.0
138 192 38.0
199 276 83.0
31 441 36.0
19 398 96.0
8 97 19.0
19 149 69.0
178 291 41.0
38 107 76.0
2 391 94.0
252 270 29.0
179 343 95.0
384 472 96.0
177 192 4.0
148 415 14.0
384 456 16.0
258 445 74.0
12 313 7.0
115 390 67.0
181 457 92.0
20 420 34.0
74 129 64.0
113 288 24.0
295 407 86.0
106 221 49.0
213 399 25.0
5 181 79.0
392 421 16.0
14 470 8.0
147 355 94.0
35 42 82.0
69 195 7.0
309 496 77.0
411 441 2.0
152 252 99.0
193 248 6.0
207 478 81.0
67 389 82.0
185 385 35.0
129 444 94.0
272 499 16.0
271 327 34.0
233 374 32.0
95 202 54.0
330 380 94.0
72 116 96.0
191 324 28.0
122 255 74.0
90 381 92.0
338 398 84.0
138 177 1.0
118 172 44.0
130 236 96.0
94 358 30.0
237 290 5.0
54 396 28.0
203 479 23.0
195 291 77.0
44 133 5.0
108 461 59.0
91 209 20.0
105 145 12.0
167 356 93.0
131 474 71.0
95 402 70.0
59 225 33.0
398 495 97.0
86 234 92.0
60 99 18.0
274 412 74.0
272 303 59.0
284 336 61.0
246 262 40.0
5 457 88.0
84 210 75.0
56 153 9.0
160 400 18.0
114 405 78.0
326 477 39.0
202 365 60.0
209 345 14.0
117 448 35.0
19 338 37.0
139 478 52.0
120 426 99.0
100 200 23.0
69 296 84.0
123 421 95.0
150 486 8.0
274 421 15.0
333 378 71.0
138 498 76.0
416 481 71.0
386 460 3.0
40 150 57.0
39 204 99.0
131 428 98.0
217 231 54.0
208 381 75.0
52 112 19.0
20 453 23.0
254 414 68.0
93 443 52.0
51 365 11.0
180 317 86.0
215 450 76.0
82 447 66.0
344 492 89.0
333 464 96.0
1 102 52.0
118 446 39.0
222 302 56.0
253 395 83.0
348 488 9.0
296 344 6.0
45 413 89.0
109 255 30.0
95 368 50.0
203 396 21.0
64 471 14.0
35 289 99.0
64 456 55.0
70 191 39.0
69 344 91.0
322 346 4.0
128 303 22.0
248 333 84.0
125 440 45.0
342 471 51.0
27 322 60.0
301 399 20.0
83 429 58.0
319 409 71.0
41 252 80.0
276 299 89.0
63 252 2.0
265 287 77.0
357 384 36.0
366 392 1.0
265 283 88.0
357 370 51.0
33 71 59.0
88 168 61.0
31 215 67.0
348 356 58.0
21 247 85.0
178 195 11.0
144 380 66.0
217 382 61.0
187 373 9.0
427 483 55.0
35 293 79.0
94 308 44.0
139 371 75.0
86 313 77.0
56 244 78.0
20 156 3.0
180 293 6.0
88 166 89.0
31 411 35.0
57 184 32.0
322 409 9.0
114 212 93.0
333 336 100.0
227 440 45.0
14 228 7.0
310 449 30.0
260 387 44.0
115 393 6.0
81 245 17.0
231 382 36.0
95 365 47.0
73 299 47.0
61 453 95.0
320 483 12.0
216 408 27.0
6 339 38.0
284 378 53.0
96 281 85.0
219 479 81.0
351 424 18.0
123 392 13.0
57 360 36.0
420 453 78.0
22 140 56.0
16 25 74.0
160 454 83.0
187 355 42.0
168 240 72.0
58 83 87.0
146 397 36.0
157 249 46.0
148 161 73.0
300 481 52.0
50 184 49.0
169 325 28.0
449 466 66.0
35 180 81.0
49 406 18.0
85 279 24.0
16 390 92.0
283 321 20.0
38 128 19.0
57 119 84.0
76 419 6.0
152 496 99.0
307 484 22.0
283 287 6.0
220 440 65.0
206 437 88.0
127 375 19.0
137 482 2.0
107 247 25.0
234 313 31.0
174 305 38.0
109 302 15.0
125 220 40.0
102 490 99.0
197 244 81.0
66 141 79.0
121 164 32.0
103 277 15.0
195 344 38.0
385 491 77.0
311 473 99.0
137 419 12.0
29 76 64.0
156 494 18.0
81 382 72.0
151 227 72.0
198 260 44.0
222 255 90.0
309 445 89.0
166 188 1.0
144 190 54.0
21 303 36.0
332 422 88.0
268 420 20.0
28 446 10.0
212 405 18.0
220 431 7.0
13 442 35.0
49 235 61.0
20 61 22.0
49 68 100.0
16 331 14.0
47 379 23.0
291 433 43.0
52 462 4.0
132 200 98.0
88 188 63.0
29 482 7.0
88 240 35.0
366 412 75.0
279 465 27.0
153 244 58.0
12 489 92.0
178 433 69.0
196 347 60.0
240 261 54.0
292 359 35.0
339 349 2.0
27 346 52.0
98 465 98.0
233 259 32.0
139 207 41.0
321 337 92.0
70 418 90.0
324 338 31.0
417 454 4.0
341 361 22.0
67 226 93.0
14 388 52.0
105 151 70.0
130 386 3.0
70 159 16.0
124 133 19.0
148 269 18.0
172 446 79.0
161 415 83.0
103 113 7.0
191 338 54.0
223 235 3.0
306 467 44.0
199 299 34.0
418 497 91.0
17 460 45.0
18 292 39.0
177 498 94.0
269 499 36.0
265 321 82.0
30 371 69.0
154 395 82.0
213 316 66.0
259 374 91.0
223 406 76.0
74 497 10.0
159 376 31.0
157 324 1.0
132 277 27.0
212 430 85.0
24 434 46.0
113 277 19.0
285 306 75.0
24 487 18.0
231 264 83.0
136 400 74.0
23 93 56.0
178 492 90.0
78 147 80.0
135 288 92.0
383 490 57.0
131 473 16.0
427 476 7.0
46 314 89.0
68 496 91.0
251 316 46.0
169 179 9.0
66 473 26.0
186 417 14.0
167 488 6.0
24 134 67.0
298 486 10.0
54 479 18.0
44 323 86.0
152 309 28.0
8 384 37.0
40 486 52.0
51 402 18.0
303 499 28.0
38 247 56.0
255 302 22.0
77 366 22.0
289 293 4.0
110 147 88.0
136 454 54.0
0 492 47.0
155 363 82.0
1 264 70.0
90 208 95.0
0 344 73.0
20 268 95.0
41 270 15.0
223 498 82.0
179 325 70.0
120 469 100.0
8 208 83.0
320 427 72.0
332 450 34.0
176 479 80.0
30 420 58.0
231 383 21.0
351 376 20.0
29 419 28.0
197 214 15.0
426 484 32.0
163 431 79.0
29 137 51.0
142 290 92.0
191 418 71.0
43 107 76.0
36 126 98.0
64 384 64.0
257 325 36.0
193 464 49.0
70 324 33.0
9 275 55.0
305 347 83.0
167 348 86.0
77 96 96.0
190 313 61.0
256 416 60.0
169 345 76.0
26 470 73.0
211 258 48.0
230 380 95.0
175 214 85.0
56 197 76.0
213 301 83.0
353 354 84.0
11 372 75.0
295 341 45.0
23 432 6.0
312 377 64.0
318 350 65.0
261 389 16.0
147 187 22.0
101 413 40.0
23 443 18.0
218 260 49.0
308 358 25.0
410 458 81.0
273 488 22.0
26 185 46.0
256 300 50.0
269 415 84.0
240 315 21.0
193 333 56.0
230 373 58.0
428 473 48.0
58 85 89.0
73 305 50.0
135 452 91.0
183 212 58.0
103 288 16.0
16 115 23.0
232 498 16.0
87 196 26.0
62 178 49.0
226 389 30.0
45 318 83.0
66 236 28.0
63 152 58.0
83 364 91.0
206 260 66.0
258 309 36.0
97 208 65.0
204 453 69.0
37 298 83.0
238 274 90.0
215 411 44.0
196 312 33.0
123 274 73.0
307 328 39.0
286 339 85.0
40 177 92.0
378 474 45.0
153 404 67.0
168 315 9.0
184 360 68.0
195 492 86.0
25 331 23.0
5 9 78.0
232 235 73.0
42 376 41.0
89 320 25.0
12 79 92.0
328 480 43.0
277 452 92.0
4 334 40.0
37 150 14.0
193 455 7.0
370 482 23.0
301 468 51.0
96 423 5.0
43 276 52.0
122 222 33.0
375 462 87.0
341 407 35.0
85 465 68.0
65 189 50.0
144 230 93.0
10 465 12.0
12 190 44.0
76 469 55.0
68 309 92.0
224 319 68.0
143 363 21.0
5 207 65.0
62 492 30.0
283 337 23.0
22 388 11.0
130 229 20.0
439 476 100.0
87 377 57.0
304 480 3.0
124 183 72.0
121 210 88.0
212 367 83.0
300 436 65.0
92 353 82.0
285 494 16.0
261 315 19.0
175 315 90.0
197 225 37.0
126 410 97.0
164 262 10.0
157 159 54.0
44 425 28.0
120 484 3.0
9 292 79.0
86 245 54.0
186 447 51.0
135 411 39.0
151 440 39.0
161 358 59.0
256 481 3.0
364 429 88.0
7 401 4.0
170 174 66.0
176 203 29.0
17 396 79.0
129 497 7.0
471 472 32.0
325 343 11.0
21 499 43.0
292 459 91.0
158 327 20.0
40 192 38.0
0 296 23.0
31 450 34.0
102 383 71.0
1 46 45.0
79 294 70.0
249 289 1.0
151 451 81.0
293 317 97.0
388 470 39.0
62 158 53.0
36 458 67.0
4 494 59.0
364 431 18.0
378 428 96.0
119 360 95.0
115 331 89.0
311 428 92.0
84 121 76.0
54 281 94.0
185 491 32.0
138 232 65.0
22 228 73.0
147 373 53.0
38 43 31.0
15 211 27.0
313 489 62.0
7 352 49.0
99 135 6.0
245 490 32.0
102 264 56.0
37 486 4.0
269 272 1.0
37 323 15.0
213 280 26.0
42 317 95.0
333 455 39.0
177 476 2.0
123 366 97.0
174 347 4.0
194 430 12.0
9 181 46.0
80 101 95.0
38 303 21.0
99 452 77.0
35 317 46.0
218 387 87.0
76 437 90.0
97 384 38.0
13 282 9.0
61 494 4.0
182 459 90.0
25 201 89.0
141 218 36.0
281 396 64.0
188 286 6.0
245 383 48.0
125 431 35.0
137 370 66.0
162 296 33.0
14 26 44.0
43 199 47.0
62 433 14.0
73 174 90.0
95 242 33.0
79 326 57.0
238 412 91.0
174 196 33.0
154 356 20.0
97 393 57.0
66 130 13.0
289 376 94.0
220 227 67.0
124 425 52.0
9 478 27.0
340 365 12.0
131 464 20.0
182 319 22.0
438 444 48.0
217 222 50.0
13 55 36.0
171 201 42.0
257 468 39.0
187 230 99.0
419 469 48.0
184 352 72.0
323 425 21.0
92 480 45.0
119 184 91.0
103 122 15.0
79 477 87.0
244 404 35.0
176 219 83.0
324 495 8.0
405 430 95.0
55 259 10.0
290 359 69.0
223 232 84.0
131 378 18.0
338 418 16.0
81 383 47.0
158 271 51.0
145 173 13.0
10 256 53.0
402 468 16.0
207 371 23.0
173 270 24.0
67 261 54.0
98 407 41.0
39 82 49.0
92 304 49.0
106 377 52.0
415 485 73.0
159 249 45.0
304 475 62.0
48 425 27.0
55 493 73.0
100 132 27.0
133 323 39.0
136 417 65.0
137 472 77.0
208 384 69.0
401 403 68.0
20 494 39.0
229 236 62.0
214 225 5.0
176 460 72.0
68 258 81.0
253 436 35.0
53 266 85.0
48 124 100.0
134 487 88.0
25 171 96.0
257 343 13.0
223 483 42.0
362 487 35.0
61 204 98.0
54 219 25.0
419 471 99.0
51 340 95.0
329 438 52.0
112 462 51.0
43 299 39.0
49 223 39.0
194 405 81.0
11 342 62.0
119 352 30.0
119 375 14.0
382 383 92.0
198 218 6.0
234 373 38.0
295 465 51.0
164 210 71.0
207 457 75.0
231 302 35.0
30 204 18.0
25 390 12.0
24 253 67.0
32 284 55.0
197 216 56.0
242 335 49.0
172 448 3.0
214 216 74.0
361 407 11.0
50 362 12.0
42 424 53.0
160 467 70.0
192 232 50.0
437 469 94.0
198 346 26.0
261 408 78.0
154 253 76.0
357 381 65.0
55 59 14.0
422 475 25.0
39 371 88.0
104 365 21.0
110 187 90.0
52 375 78.0
190 230 85.0
12 477 46.0
175 225 34.0
114 367 27.0
222 231 57.0
278 460 6.0
249 376 54.0
165 466 61.0
160 306 25.0
30 139 77.0
30 142 47.0
21 443 81.0
100 327 1.0
49 111 82.0
159 351 49.0
77 432 84.0
78 110 32.0
230 330 78.0
171 239 70.0
226 250 51.0
372 480 82.0
216 244 21.0
211 238 66.0
26 491 20.0
354 458 82.0
32 378 24.0
280 399 95.0
281 423 33.0
29 72 87.0
60 410 42.0
112 369 89.0
28 448 33.0
43 247 16.0
17 423 77.0
304 353 25.0
160 417 29.0
67 90 57.0
204 371 100.0
232 367 33.0
103 132 58.0
341 429 79.0
224 459 32.0
17 278 7.0
4 156 87.0
80 278 91.0
56 463 47.0
83 85 66.0
15 114 19.0
45 101 3.0
91 169 7.0
56 225 60.0
476 483 18.0
162 201 51.0
407 465 97.0
169 209 6.0
312 347 88.0
250 370 29.0
203 460 16.0
10 407 9.0
125 151 54.0
135 441 94.0
42 351 68.0
78 490 65.0
30 268 88.0
7 403 99.0
10 334 81.0
89 483 97.0
188 349 14.0
162 239 26.0
61 285 16.0
9 139 15.0
6 470 83.0
39 447 81.0
65 317 92.0
335 388 55.0
68 152 77.0
27 116 85.0
9 207 28.0
238 445 96.0
75 403 89.0
60 126 68.0
193 328 55.0
153 463 41.0
121 170 91.0
13 59 88.0
111 223 2.0
366 432 6.0
58 364 39.0
37 40 75.0
186 446 58.0
295 429 1.0
165 449 70.0
242 368 89.0
476 498 60.0
48 183 4.0
249 326 95.0
234 245 7.0
251 282 51.0
242 257 90.0
254 343 26.0
334 465 40.0
142 359 2.0
6 286 84.0
40 476 37.0
69 162 54.0
93 499 90.0
159 324 5.0
97 241 50.0
279 334 58.0
45 80 40.0
7 362 99.0
68 235 24.0
99 126 10.0
245 313 51.0
11 328 3.0
97 115 47.0
204 420 25.0
370 381 9.0
190 330 36.0
133 232 57.0
88 261 90.0
330 397 6.0
140 388 93.0
77 412 44.0
423 432 100.0
137 384 47.0
123 435 25.0
111 483 88.0
101 308 36.0
154 167 22.0
41 173 31.0
84 321 49.0
60 452 81.0
204 417 34.0
331 372 65.0
23 435 59.0
94 101 98.0
68 211 74.0
39 186 46.0
118 447 3.0
152 445 1.0
329 449 12.0
32 336 50.0
105 173 58.0
418 444 9.0
120 307 4.0
111 152 14.0
260 346 95.0
266 481 72.0
297 388 29.0
89 111 13.0
39 417 75.0
89 451 70.0
157 326 82.0
435 443 94.0
328 484 74.0
233 251 98.0
328 372 56.0
92 354 92.0
306 462 83.0
381 384 50.0
105 451 77.0
40 323 72.0
483 498 11.0
343 414 92.0
266 488 29.0
422 450 64.0
74 159 12.0
165 310 57.0
58 279 87.0
118 186 5.0
213 251 28.0
394 491 63.0
129 350 61.0
9 142 56.0
151 364 82.0
48 430 13.0
3 310 32.0
224 431 54.0
189 336 53.0
272 485 2.0
66 131 38.0
10 300 43.0
175 442 33.0
104 282 51.0
40 439 56.0
29 437 56.0
131 426 74.0
112 467 33.0
297 335 32.0
11 307 14.0
310 438 79.0
3 444 56.0
257 402 26.0
214 261 46.0
214 408 57.0
396 423 38.0
15 246 49.0
393 471 92.0
85 429 14.0
233 282 24.0
1 231 31.0
200 327 95.0
253 300 3.0
330 477 35.0
133 183 86.0
52 119 10.0
74 350 57.0
118 448 88.0
85 295 45.0
272 415 94.0
15 367 69.0
230 234 19.0
74 351 23.0
268 279 87.0
427 439 32.0
418 438 100.0
33 55 26.0
19 418 71.0
220 319 92.0
182 409 99.0
53 427 19.0
154 273 25.0
165 485 65.0
243 369 52.0
50 352 51.0
324 397 83.0
328 455 46.0
224 359 44.0
116 346 16.0
455 475 38.0
55 225 17.0
67 381 90.0
47 347 96.0
171 331 78.0
303 485 68.0
189 424 45.0
1 302 17.0
201 239 35.0
304 455 49.0
361 451 97.0
133 192 72.0
112 119 82.0
314 490 1.0
256 407 31.0
247 443 81.0
77 238 62.0
301 402 87.0
141 176 40.0
143 155 79.0
250 482 74.0
0 271 4.0
93 269 59.0
131 193 15.0
419 472 47.0
104 442 100.0
29 116 39.0
58 163 84.0
78 373 38.0
220 224 19.0
170 196 25.0
297 461 93.0
254 257 38.0
400 467 16.0
26 228 59.0
58 431 9.0
103 135 86.0
90 97 10.0
13 259 57.0
198 322 38.0
218 437 56.0
59 442 51.0
382 441 66.0
136 446 3.0
0 62 55.0
140 461 92.0
226 408 96.0
455 480 5.0
26 286 21.0
310 329 24.0
131 484 26.0
2 43 34.0
2 299 48.0
3 350 56.0
262 274 16.0
206 346 7.0
26 241 48.0
38 205 9.0
15 405 31.0
50 119 49.0
166 349 42.0
161 308 88.0
11 331 13.0
439 486 66.0
429 451 95.0
342 469 61.0
350 444 92.0
33 463 100.0
45 350 65.0
53 486 39.0
88 286 1.0
128 485 19.0
28 117 44.0
251 374 19.0
73 170 11.0
0 239 39.0
324 326 54.0
33 259 23.0
27 182 71.0
225 463 68.0
162 195 19.0
404 457 22.0
79 249 49.0
181 292 53.0
126 422 57.0
87 265 43.0
239 296 13.0
104 349 84.0
96 238 64.0
342 393 2.0
199 247 4.0
82 207 45.0
227 322 24.0
24 436 27.0
67 250 87.0
256 266 51.0
63 445 22.0
128 205 54.0
246 274 49.0
136 155 35.0
227 319 21.0
211 274 46.0
112 306 50.0
143 369 76.0
169 468 59.0
31 382 95.0
84 265 71.0
119 127 79.0
4 285 74.0
249 293 31.0
148 308 60.0
36 354 91.0
286 470 75.0
224 292 27.0
29 206 75.0
267 457 68.0
326 397 47.0
216 457 68.0
251 280 85.0
87 287 25.0
215 422 77.0
130 278 62.0
161 485 8.0
175 261 2.0
432 435 76.0
134 253 77.0
135 215 83.0
210 321 24.0
47 106 72.0
13 233 72.0
166 175 24.0
47 221 78.0
171 354 43.0
101 278 34.0
39 207 100.0
176 218 4.0
119 434 17.0
106 312 74.0
469 471 32.0
408 457 27.0
3 358 68.0
133 212 29.0
88 90 98.0
100 158 34.0
58 237 10.0
269 308 45.0
326 330 31.0
67 88 52.0
287 377 56.0
18 457 80.0
92 171 97.0
332 475 44.0
53 488 41.0
230 313 24.0
126 215 14.0
22 491 32.0
51 301 34.0
246 405 65.0
6 335 28.0
210 405 76.0
216 404 78.0
49 152 21.0
71 463 84.0
179 209 87.0
3 161 5.0
82 118 9.0
36 353 69.0
143 467 97.0
32 311 38.0
353 475 21.0
96 432 17.0
105 322 83.0
142 292 39.0
364 451 10.0
116 182 58.0
334 375 49.0
194 337 95.0
198 219 15.0
426 437 100.0
189 317 47.0
78 234 54.0
32 45 64.0
0 158 66.0
66 426 2.0
317 332 80.0
1 109 53.0
239 458 98.0
94 413 24.0
134 154 64.0
135 217 12.0
122 217 61.0
361 429 99.0
80 130 86.0
117 118 62.0
51 213 73.0
4 462 37.0
11 393 59.0
251 340 21.0
170 199 1.0
238 281 68.0
281 445 4.0
18 250 47.0
254 297 30.0
293 450 52.0
108 297 94.0
486 488 89.0
63 219 64.0
47 305 8.0
253 356 37.0
15 274 60.0
119 369 68.0
158 433 1.0
171 372 66.0
3 94 79.0
127 436 59.0
79 293 80.0
141 426 15.0
51 251 23.0
61 160 67.0
74 424 13.0
194 210 20.0
10 436 54.0
65 455 32.0
63 281 80.0
11 115 24.0
122 132 76.0
65 475 10.0
6 368 49.0
369 403 41.0
310 444 5.0
15 68 12.0
75 369 68.0
298 488 92.0
335 470 8.0
2 73 67.0
317 450 24.0
334 462 69.0
267 463 56.0
13 104 48.0
71 259 17.0
155 467 78.0
41 89 90.0
47 312 33.0
404 463 69.0
273 298 2.0
72 182 52.0
40 133 28.0
362 401 2.0
201 390 5.0
361 427 77.0
173 451 23.0
6 365 43.0
104 339 39.0
156 334 81.0
210 337 14.0
43 205 15.0
247 435 48.0
78 245 78.0
195 394 60.0
205 485 35.0
185 201 89.0
20 279 95.0
350 424 50.0
141 460 71.0
36 422 63.0
112 143 72.0
201 385 56.0
161 310 63.0
176 198 5.0
481 488 66.0
320 451 5.0
151 322 83.0
256 361 12.0
7 50 46.0
123 164 36.0
262 405 78.0
221 379 64.0
318 424 88.0
352 369 13.0
271 458 90.0
12 330 79.0
60 132 20.0
135 382 48.0
2 205 31.0
219 270 1.0
356 481 18.0
30 237 43.0
60 200 94.0
32 318 82.0
110 230 47.0
6 104 72.0
84 170 72.0
329 418 17.0
90 241 59.0
93 308 6.0
75 401 15.0
278 308 20.0
103 217 60.0
141 437 36.0
60 271 91.0
169 301 39.0
9 30 46.0
196 265 29.0
257 335 15.0
89 173 24.0
189 455 23.0
71 117 48.0
189 318 8.0
68 367 10.0
237 268 62.0
10 127 2.0
305 379 13.0
6 242 43.0
140 491 22.0
266 427 96.0
291 394 28.0
99 215 24.0
45 311 6.0
353 422 84.0
45 94 76.0
11 469 12.0
34 185 76.0
4 306 98.0
349 442 15.0
67 370 43.0
166 442 14.0
201 491 60.0
164 274 62.0
94 350 81.0
108 414 49.0
11 120 40.0
33 225 22.0
2 305 44.0
24 119 45.0
82 457 60.0
80 473 80.0
250 292 48.0
119 436 81.0
84 196 39.0
71 374 96.0
226 457 46.0
382 450 79.0
66 80 8.0
131 328 11.0
298 425 59.0
23 308 38.0
7 369 2.0
271 410 4.0
266 361 13.0
75 243 2.0
20 334 70.0
317 475 61.0
2 379 39.0
91 301 14.0
171 480 78.0
79 382 99.0
162 491 25.0
466 485 2.0
278 432 5.0
105 198 82.0
108 254 47.0
140 394 56.0
123 170 75.0
171 458 75.0
459 482 11.0
379 391 87.0
106 287 36.0
121 123 81.0
117 267 76.0
394 433 11.0
308 432 19.0
173 198 24.0
90 286 89.0
29 346 43.0
337 430 53.0
26 34 53.0
26 97 3.0
427 451 16.0
237 279 29.0
29 459 93.0
79 450 8.0
149 329 66.0
91 399 65.0
48 337 100.0
221 287 82.0
394 461 72.0
82 117 70.0
146 329 72.0
100 122 5.0
257 297 75.0
123 199 29.0
108 394 57.0
134 273 58.0
134 401 71.0
250 457 73.0
110 330 76.0
318 336 46.0
198 270 77.0
123 247 24.0
28 155 49.0
108 433 27.0
91 280 21.0
75 363 59.0
292 482 48.0
26 90 51.0
329 397 65.0
48 298 29.0
71 267 12.0
100 109 68.0
48 283 51.0
108 179 47.0
205 466 72.0
28 363 58.0
117 457 51.0
329 330 69.0
71 280 100.0
108 209 18.0
117 363 22.0
48 273 11.0
330 466 52.0
273 401 53.0
100 108 86.0
110 466 1.0
