150 370 15
0 8
1 4
2 0
3 2
4 0
5 0
6 2
7 8
8 7
9 2
10 3
11 5
12 1
13 0
14 5
15 9
16 13
17 13
18 0
19 1
20 8
21 2
22 9
23 14
24 13
25 6
26 5
27 13
28 11
29 7
30 8
31 4
32 0
33 14
34 12
35 0
36 1
37 13
38 14
39 8
40 11
41 10
42 1
43 2
44 12
45 1
46 7
47 0
48 11
49 4
50 12
51 1
52 0
53 11
54 10
55 7
56 11
57 10
58 10
59 10
60 12
61 12
62 4
63 5
64 7
65 7
66 8
67 6
68 9
69 0
70 10
71 12
72 8
73 14
74 12
75 14
76 14
77 8
78 10
79 9
80 6
81 2
82 9
83 4
84 11
85 5
86 13
87 2
88 5
89 14
90 10
91 8
92 10
93 5
94 0
95 9
96 2
97 10
98 13
99 5
100 13
101 3
102 10
103 12
104 2
105 4
106 7
107 3
108 13
109 6
110 7
111 11
112 5
113 11
114 10
115 10
116 4
117 13
118 13
119 3
120 11
121 14
122 0
123 11
124 12
125 9
126 5
127 12
128 9
129 2
130 6
131 1
132 0
133 0
134 6
135 2
136 8
137 7
138 9
139 6
140 1
141 0
142 14
143 5
144 4
145 9
146 10
147 3
148 14
149 11
28 99 80.0
11 66 46.0
33 126 44.0
25 43 33.0
54 71 82.0
98 144 74.0
68 78 77.0
82 142 54.0
43 78 92.0
59 122 24.0
38 79 51.0
2 9 16.0
17 46 5.0
86 143 65.0
48 87 57.0
45 123 66.0
6 120 4.0
141 148 25.0
23 102 83.0
110 141 100.0
71 144 46.0
47 94 46.0
0 104 94.0
95 118 40.0
71 98 22.0
110 148 60.0
91 134 84.0
3 13 89.0
56 138 56.0
85 127 13.0
16 132 88.0
52 103 68.0
38 109 12.0
54 98 43.0
40 129 45.0
93 100 99.0
76 124 52.0
5 88 54.0
31 67 85.0
79 109 79.0
10 114 92.0
22 27 30.0
4 74 94.0
32 122 73.0
55 131 36.0
10 116 18.0
106 131 97.0
74 134 93.0
28 78 47.0
78 99 4.0
26 103 47.0
101 119 21.0
37 125 13.0
15 23 90.0
4 134 18.0
56 63 14.0
75 126 38.0
32 53 37.0
10 66 41.0
28 68 6.0
4 91 92.0
1 125 19.0
33 75 16.0
66 114 14.0
2 86 9.0
7 14 7.0
19 134 80.0
10 11 93.0
76 115 73.0
32 77 86.0
32 59 24.0
22 60 37.0
55 106 69.0
124 143 19.0
26 60 14.0
83 118 90.0
26 27 63.0
8 18 61.0
39 135 74.0
13 49 88.0
25 99 65.0
26 52 49.0
3 12 87.0
5 110 26.0
20 108 59.0
61 140 75.0
18 85 83.0
72 75 10.0
109 135 38.0
27 60 12.0
58 65 7.0
44 97 4.0
44 45 84.0
80 129 3.0
36 53 47.0
7 112 22.0
34 55 29.0
84 127 60.0
29 50 70.0
43 145 11.0
8 96 62.0
3 35 2.0
72 74 51.0
29 133 30.0
25 145 41.0
16 93 76.0
21 70 31.0
115 129 56.0
86 124 21.0
39 77 44.0
114 131 1.0
44 123 46.0
19 91 48.0
14 15 88.0
57 133 1.0
84 102 70.0
137 146 19.0
90 113 66.0
48 83 88.0
40 115 87.0
42 145 95.0
22 61 29.0
8 107 6.0
9 70 96.0
18 96 28.0
36 59 39.0
36 122 10.0
24 28 66.0
24 99 72.0
12 13 84.0
44 128 97.0
84 147 64.0
6 49 3.0
0 67 82.0
54 73 53.0
64 119 58.0
1 37 40.0
7 140 55.0
12 139 26.0
45 128 3.0
92 143 85.0
3 49 38.0
105 106 71.0
34 66 97.0
40 80 97.0
88 110 41.0
6 51 97.0
112 140 95.0
41 87 42.0
96 149 38.0
49 120 79.0
4 72 78.0
11 34 7.0
27 149 51.0
92 108 28.0
41 83 53.0
86 92 58.0
41 48 20.0
61 96 87.0
11 63 55.0
31 52 35.0
73 108 77.0
76 117 80.0
15 130 41.0
58 101 4.0
60 141 24.0
42 50 15.0
27 96 16.0
89 94 13.0
20 92 22.0
79 135 88.0
39 109 26.0
47 51 66.0
82 136 80.0
69 121 28.0
80 107 17.0
32 36 97.0
11 56 84.0
30 136 65.0
61 112 76.0
117 147 88.0
23 142 59.0
65 80 68.0
90 121 97.0
69 90 40.0
34 104 48.0
72 126 30.0
14 23 13.0
56 116 17.0
46 113 93.0
52 63 90.0
81 98 67.0
16 118 82.0
88 91 61.0
5 91 72.0
118 132 28.0
49 51 36.0
10 56 66.0
92 111 98.0
111 146 54.0
48 118 46.0
30 98 95.0
46 90 89.0
29 145 6.0
84 142 96.0
102 127 99.0
47 120 48.0
65 101 72.0
19 72 18.0
60 61 49.0
23 82 13.0
5 19 97.0
14 102 16.0
110 112 43.0
136 144 60.0
104 119 43.0
126 133 3.0
33 50 70.0
50 126 50.0
31 149 8.0
2 92 27.0
35 120 82.0
54 81 94.0
94 120 55.0
103 149 58.0
38 116 12.0
0 34 82.0
38 39 30.0
32 39 75.0
101 104 68.0
17 90 91.0
105 131 3.0
71 136 43.0
85 102 20.0
41 64 60.0
52 67 40.0
76 92 48.0
58 80 96.0
37 100 62.0
128 146 100.0
40 76 18.0
26 149 19.0
55 69 15.0
20 76 37.0
55 66 23.0
58 149 33.0
38 114 29.0
14 130 93.0
50 145 26.0
57 72 2.0
132 139 13.0
79 105 45.0
18 102 80.0
85 147 97.0
12 49 98.0
18 107 16.0
62 135 77.0
52 138 54.0
35 139 62.0
49 95 2.0
102 140 85.0
52 56 74.0
64 65 44.0
79 114 32.0
1 100 35.0
61 141 68.0
69 104 5.0
55 104 51.0
82 130 62.0
71 82 47.0
142 147 23.0
31 101 86.0
2 21 38.0
26 148 58.0
19 112 26.0
4 75 21.0
35 49 79.0
39 62 31.0
37 70 65.0
4 88 69.0
54 82 85.0
2 111 85.0
61 110 13.0
119 121 56.0
24 136 53.0
40 65 68.0
24 30 31.0
7 57 56.0
41 95 46.0
12 132 49.0
41 65 26.0
34 63 18.0
130 133 89.0
49 118 89.0
7 130 7.0
85 117 20.0
45 137 41.0
46 105 46.0
100 139 8.0
29 126 16.0
17 55 34.0
108 147 60.0
99 130 38.0
53 56 87.0
81 137 49.0
25 130 100.0
30 81 60.0
34 67 34.0
63 67 21.0
73 92 67.0
111 128 91.0
21 125 1.0
57 130 34.0
69 119 32.0
40 87 54.0
123 137 39.0
24 145 43.0
73 147 3.0
81 146 38.0
130 136 27.0
76 80 73.0
73 146 21.0
48 93 75.0
21 37 30.0
12 118 66.0
62 77 63.0
8 58 27.0
57 112 20.0
58 96 13.0
40 86 82.0
40 48 3.0
73 111 69.0
65 87 12.0
96 102 24.0
55 90 17.0
36 138 99.0
59 62 36.0
39 56 38.0
38 56 5.0
18 117 65.0
130 145 78.0
36 56 71.0
76 107 77.0
138 148 98.0
2 40 15.0
21 128 18.0
32 62 69.0
64 95 72.0
72 112 14.0
54 146 17.0
37 48 26.0
36 62 65.0
36 148 42.0
40 70 86.0
2 128 94.0
51 121 50.0
36 110 13.0
51 90 46.0
24 81 79.0
49 64 82.0
62 105 82.0
47 113 67.0
94 113 80.0
49 119 72.0
51 119 27.0
97 125 49.0
1 97 19.0
62 113 6.0
24 123 54.0
97 139 46.0
