569.3415690035885 737.5644853111311
26.88318968601344 453.3375804005039
228.06119768262977 342.0236122042598
69.14558013441851 801.1767596850033
978.9066623834614 397.77836551582055
879.8686265145656 485.13894596361496
100.914279611655 885.6658821276982
759.3211964033156 354.74047256483544
577.7316884951118 452.6658275257547
217.37198180820528 352.5813762269088
741.3712061336859 824.4271914939791
711.534862055119 791.2144036933504
44.527838686966746 754.1000291148417
91.33944035336128 805.1936360960176
724.2081314922208 328.44119636035475
679.8829899224888 282.17074430422883
141.88741522387227 623.1233545349421
540.6866848270649 991.2472225742863
613.9146481753792 415.97486601456615
904.1657962403378 389.07951051501635
392.37679837427197 273.66279597665397
110.60573484124592 286.38121385451274
697.2271500700839 518.6372874552106
643.5350442126377 291.2375405310535
688.9489991989755 17.12372281694785
787.0869931225287 79.0026855864031
713.4666603781242 586.0744326876747
681.963227082458 545.7917576113925
736.5290972541557 67.32047063260526
845.207813717635 153.1624468383107
555.6634153941942 45.86495281765934
624.1232870884261 656.6293744770961
918.0698713318275 796.0720022793985
972.8911790615455 227.84930815682003
639.6531846871524 817.269260862883
9.610228299467005 807.885164992592
976.8052419663903 735.0641910037613
98.63340650964092 450.12650065258487
782.6948915758142 930.6024903844019
883.9516152043411 897.4497105743579
370.19246439914247 487.36142002480966
319.75865164754924 658.9842319483145
908.253247408085 70.20111396989026
785.5422441804178 69.67413230494246
82.65260090818838 66.0559765990274
116.97628769936308 20.007805738921025
525.1993592596344 993.8579262527096
111.70604995595357 973.5339676461483
253.540339268428 616.8787629883329
138.94283892965254 825.489515227564
903.8571616037414 152.15665676530276
170.33990762241135 913.8872034229173
701.6403713046543 637.6525142951299
922.9291340791957 757.0052728714572
480.6729853723969 139.54385604992336
628.2825975498961 874.5054187375135
775.6404595573182 735.8066054486656
871.3459089259158 273.2619138343223
503.6182595844302 602.7060468375513
964.2238812244669 802.4311940951098
737.719648569257 543.2313510801722
700.8462991558814 451.5641508156686
970.2159731796709 996.7001019565226
741.6712448609885 718.2864020391373
411.2705694436426 718.2893644233867
446.89531400027727 599.895889226912
711.5416745680895 798.3356947760951
597.9638787073594 672.3696702612591
774.5183808327274 54.10191318974367
516.0285444153884 870.5532442703177
153.44316100944445 329.4733290390327
490.8272231218207 132.68392808491924
976.0950863120352 321.4233496438729
412.51277721333213 160.65667394929284
954.2345215677063 377.5978953290809
985.9997761566068 267.4482793755277
351.89496133876975 378.6615904382716
910.4803897426979 841.1784061421456
771.3128854079627 68.02437266094574
780.6588797951546 945.0052275411095
439.9985348015001 513.182178519057
407.0270802559043 65.31498734427699
598.519404587244 203.22395365640423
245.92749287479376 682.5581583523735
564.1496734804554 309.4146150621356
566.6830990894424 389.61061200203886
270.1546907370006 345.1211737491365
265.91486066655557 606.4055695360561
902.116789220187 505.8255863925536
17.226025598200522 950.249547694627
451.7823195954973 929.578372187647
952.4864992614139 429.5608461976007
309.712707091222 277.3800494897144
92.30263955621365 588.130364155459
92.7291371493838 983.7365908688106
193.11616532224173 715.9864622194822
628.742669692796 482.791393493643
27.87798738007341 49.873253951776334
484.13072028282164 112.15354035205205
735.6591697750723 68.23791191978812
90.44324973222406 559.7000058007195
497.52015726476304 683.8654113080293
627.8573425687568 299.7388085970733
692.234739196711 614.7369964741206
574.4825072795304 758.493453945227
670.000196091611 980.9596540096073
662.7812473650782 907.0171515269365
521.1953876545731 489.71634896611783
366.98160059137774 226.53837767786024
809.1198264473173 933.0752271489627
827.8255859825927 496.74083731267837
244.17861585404245 208.509522392622
775.5619493331182 410.7709729157353
435.502938894981 993.5152091507753
714.6756994185365 840.2479883677416
367.2246569510188 421.08073717563224
775.2956543128313 825.1073512628902
427.66792796825206 349.82334387301694
197.79251054049917 694.924553743294
482.7277749384107 717.0776070448143
85.71727402769636 879.1308798947914
435.7706626089963 844.0701010695778
950.3105606077959 798.3847024557343
106.07118945383509 7.862013985853733
322.9084170732224 377.6452324998821
64.26394888115561 435.6579122538888
966.5794592771034 234.07927905546612
557.3853958307745 367.6363355532769
149.73453253390633 84.69634800872994
395.645173044782 475.96665409986116
726.0220605249909 215.177396430303
661.6058049817995 872.8982347398975
124.7938589230324 639.7776255399172
868.0816751161666 209.04993596018994
942.8725182938709 410.08384830903447
863.4232065079284 944.7493959555849
598.6113318110632 118.98616184893574
258.920608947216 49.10105939113352
791.9439426730974 718.455105162653
18.850224537897198 686.4326044985569
701.4848931707771 397.8755678332424
811.5416033478397 507.70490797570835
597.6253868578008 217.50893687348537
286.0670729226187 347.24168072294526
498.11603565750084 114.02327630333275
842.8288311638984 55.43890484232084
255.89611482744613 113.71093973537394
495.37816249637314 295.97817563363327
824.4303248120224 518.1566930961745
605.9245778741073 554.5756020117393
