116.9312033653762 391.445491495204
358.1574304790912 913.9581587046995
528.7931414157797 580.7974335943155
969.4707289014726 745.2685331256881
966.5981965699004 255.5747529072493
262.0115198235077 573.5842491755889
434.20178367178517 510.9059077381034
884.4608281858631 554.7947714348511
150.91982709896402 970.2432709100966
972.4075011748262 880.8137581235388
396.3298672074934 622.6823257806134
633.9753061947308 385.14399430423293
853.6486642219562 288.50174621153826
423.561798983114 485.62128980541775
484.63643260167635 257.59223777035334
857.1092830341461 864.7632368547581
491.0076114485209 86.13440322687704
6.0408887032138425 368.52403135592994
974.4998032744043 811.3752739679844
90.14929716391352 669.4430580425975
987.5570262958955 75.18492439218993
511.0605533447158 543.2857290296351
0.022090321007084412 892.4021501914526
296.7896846852598 362.7938912802898
564.5498429875781 543.6729065130988
361.7109505972201 51.080684516867755
159.31246240126174 624.0438079859557
642.8917923125939 496.7517671001701
286.0754843817984 276.5326963928105
77.89678691621593 841.8507441584062
342.5507798224603 861.291490359071
478.57346739394757 7.586696590792141
562.6276480184666 624.5198195014806
332.88811532683627 352.6401250979642
668.5746166779826 255.06425425784894
345.49492525849035 772.7394089807937
215.668165928504 735.603896915146
169.55970643957664 533.5412390143194
551.3862932292917 667.6904347175963
663.4370500744975 295.9129295655214
512.8050855101849 282.3950593698993
54.52723186357189 933.7437467463737
61.0912360160597 374.42190340364823
737.5321809161406 31.193012438545665
324.863976890848 692.1262839681827
486.91742471535883 623.7582627386914
896.7600257888682 480.75701142653793
114.65060443372744 154.2997443224532
745.7164940731088 725.868337065439
519.5735492730163 83.34561454493883
277.31888110168836 710.0405384655749
246.1310764520307 408.62812802836766
986.449465265771 216.5689519508449
422.52729332802943 946.0680940508756
401.67328040592577 280.8616171896704
641.5847673389272 507.11197466951086
35.04833891794701 811.7245307175331
239.33271898448362 796.234645995352
171.16425017296834 573.8217498039547
468.17494686446804 184.99846659978758
194.6218838871596 141.7264998639678
849.3814931166881 84.61682444210861
490.1171717218199 369.16814681605723
428.3233604879974 701.7870819848806
18.494091178241412 787.4338977423333
148.08273845715837 245.95443935270688
641.9224831744737 709.8966972989637
284.70383032943147 323.80476926002075
545.3465528496392 412.20655807063645
1.543125416787916 825.3628440253251
856.6117599742195 896.8496470655716
343.15606066562646 880.9325337090305
645.5568473903876 452.9004644035014
186.89930530087673 70.0809715267322
691.7516624075917 159.0776138614145
583.1695065229202 125.87905537116306
787.0005958155655 519.9843968067671
349.01167613775385 895.7465761143349
286.0263569849454 779.9962215778069
116.09419055644099 285.7574302498893
961.7498325945054 198.08621047914022
451.75298556900765 765.1223492384321
132.8170720248999 6.75076243462247
159.78192433200113 222.6298832064869
917.0161334398676 791.727708089837
290.84863631680014 945.9930034883208
184.87762562968246 811.9529022975539
418.27215650357584 600.1752701417147
667.9134861931229 765.1327518928188
339.3033627195637 529.9508064656474
763.1337425823891 881.4423311869973
906.6127886499473 357.49132017974586
267.56186168836183 982.0245022303126
150.75674249120542 782.1969053148788
587.5710161778445 611.1358435568033
924.274011509251 523.6259299578903
140.50004207227795 964.5427495506145
723.0419582932974 138.09967316595828
970.4799153197688 309.1193311393523
632.974332826854 845.0945204357049
628.1047952518073 136.63320581658732
786.521207844454 920.5350702109627
557.8805732416785 158.75711622220967
640.4026233933905 176.33512898606696
869.4920021514469 613.5213033988621
363.3984686620774 986.7317724074825
169.66796229157254 82.00135025791155
358.62154644826836 758.8328914502671
94.78179218764859 98.11329730455343
123.25040761128648 544.7032296300871
939.8457812365125 957.9630931634324
954.623058516793 100.09680609519434
552.8071143972818 110.28814528650044
878.1358092717378 799.7587762935982
105.13036015481615 752.1044435859785
368.11892267327005 723.0541757973771
518.9899665300173 542.4780037467091
298.2682999320211 791.3841039679006
676.1813671567508 445.64988923439586
278.0757759204031 635.0845131783298
855.3777316698065 598.393910701438
356.90714396320635 106.77352234182513
627.9293333958356 540.6918150776643
570.1943675687709 398.51142050305975
182.23513142157665 60.6386494505049
573.6078146487783 160.01336998870408
167.1001454749056 865.2312512299626
877.5635154434642 798.042897277585
35.79531848636752 939.7587342108768
422.93592126850723 462.7325457906776
589.8829302043438 556.5711293485011
853.6521538730624 679.665676713425
208.60642781998317 770.3518897002185
204.55049218601397 566.9880526144564
948.1071761937491 215.53050581772527
450.4490813359351 625.4431171102553
891.9457524143166 366.313341191821
677.904382450841 222.32757804679937
156.16316514795346 467.779255005947
516.0866950182976 150.67519281228903
313.1421957660858 913.8871797270126
49.606483757285716 440.5938248050778
161.54411682577697 786.8779932658115
740.0290164034443 265.6099718419549
420.49939566282666 525.1233095795327
144.60474768858157 230.53898954738162
588.2244532597094 456.4799876376601
591.3419337196098 538.6850603590431
238.62744643649526 346.3502957203776
206.31233191955866 744.6730937731326
565.3208421506906 994.5747246235342
239.20858761301056 147.8448321967306
947.6722278144881 952.6712714239357
968.4021757037931 740.301245306458
958.0870582093216 843.1111876357046
572.7808638380288 993.1441501148277
250.4690631107215 418.8435061694731
311.01919068516435 745.9501126371075
386.17893700908814 699.8239387298449
88.44835014398677 893.6503234197811
580.285056623232 991.8087529092805
360.2483783901751 240.17888962424183
825.4277008633396 588.879280554849
672.2036593049943 32.21008295697669
267.0467073319035 986.4771618374872
290.7959359584655 995.7320021922441
733.1121424504528 835.9836269067347
515.398714859972 35.98992487817632
156.72152447841293 942.3267659404135
274.90745459068154 681.1775419652936
861.0928346132525 506.61905872055735
383.40147635843624 636.1009914294559
73.06631252917073 12.837074789662006
156.63709235879907 768.7112409460653
447.9294601313417 324.24438462446756
240.86862609321213 61.80858646535192
273.8420206258123 162.49065786566152
757.4435946847894 853.2805605104911
932.4066174617008 809.8803720225837
75.96969432304779 124.33889827726597
666.316146150458 65.04927175434716
845.0115106490973 457.39887905780853
724.675522516827 497.46830503542907
922.7516943481485 433.3966056260355
586.930286033343 584.8807704736877
708.719057481084 868.3123687876167
288.9648362003423 763.3390438240057
741.8071397978024 784.5664247917545
686.9360075928342 946.8690324828493
705.7471693170636 720.4261468430522
852.2175255825712 286.5003777319637
52.13673652657547 646.9849291963353
582.2322381147023 946.4915854976169
760.4754359841127 86.19920067175269
948.3932283885026 402.02281969537444
51.18358210615492 28.59940366507374
26.14893237752902 859.8667948625182
721.7972434470778 831.4718909786397
485.1114483984879 82.68689375676941
794.2701705411794 671.0762008229689
224.13887324986604 170.84070237557324
674.8936632835427 139.7076111009813
994.8630986635726 201.61523173624153
130.87170431863382 698.3544669569459
144.31960868481576 488.86033536246254
833.6527232995285 138.38673024239023
57.455036361644616 355.6446241454553
510.4854000720209 192.42196124014032
349.27014959387105 922.873121817827
899.970924758421 830.8784890389454
986.4063955100991 112.36215889890033
270.2798404025726 181.5639598512251
213.31856915967552 923.0043154954818
594.6643643428083 681.3656466240283
247.50652315901522 781.850007495434
937.875788104139 766.8781649255759
103.9430533246316 895.9359529985629
590.0784700437342 665.6757238654469
664.4983702597917 326.27101626252676
749.7522319085575 383.3541489737535
328.5134577250165 828.5291881946985
766.2866073902717 214.27142163286206
508.57921181895784 858.8561346305742
306.47550901000466 109.83169171982443
46.50624588756047 889.7917799536162
685.3369394631104 765.6050185458067
35.51090995611161 997.9056730491046
873.1189982363702 759.1475479831988
770.5193805634269 531.972357067106
530.5672217362696 660.5026620290735
29.617528707902018 332.9283153798896
816.7268001836115 607.3854939098617
129.58962433379796 491.5380428233467
187.67450839246135 102.91427690729105
986.1489069435837 588.277279956537
231.26751539790246 63.8859574439089
671.6631547609485 664.0109095008985
383.32434489014133 787.3824079945879
543.7133999114484 511.54392841427466
634.8150770311914 607.0904983557464
466.4299729875554 203.11338290268688
836.5700351871291 259.1702660443239
52.37407650763404 129.96084953049558
989.3842865041667 17.54985861942393
886.8984042990032 459.549550900023
88.3300886416355 587.4076173909291
839.2623274172465 804.6729422759367
201.67211901572125 623.6988183035553
277.9666622099746 660.3804089273029
374.6435667496042 947.2078484354978
378.44819190445025 725.3288891344937
845.8916514651044 576.5133440146195
203.39122796191532 358.424111573445
468.9660819511061 716.1595770808906
143.8283459966203 498.0766135108371
141.11123945752934 752.2021726207962
192.60836203983988 614.7676720077307
318.6757133562895 405.14882992691105
710.388215782842 848.9081910517413
996.162838934394 441.6436446607004
16.19195575679622 565.1948171692472
516.8238446026036 727.4087919707889
200.45227241975573 543.5730539566473
979.6640757839864 451.42262458111384
236.00279488424536 552.5627476520159
989.3640547119178 77.36359035131291
479.6069880710608 420.3643305045497
276.51419156151513 211.3440556498868
507.0683241373888 270.3734905182941
7.013483390810871 310.0121178761247
46.14367182912016 381.72234368099924
680.5973430519186 32.97410109797616
31.4213097404914 416.1051870774356
568.8986381195414 12.810803488172207
826.7338578452328 902.7789999382206
681.3487038241583 883.6371379239705
516.541064012368 492.9953433483306
734.3729797845031 619.2390525920165
219.02038714707294 637.4705939537237
526.0504804768932 151.63718140367067
951.4102624488941 565.6112922307836
548.6496038200768 57.450405444009924
522.5318949559631 625.3052159223796
172.75998074062892 993.759985700436
627.5192415489416 879.4269462015362
529.0515914950226 982.725750053853
955.4048059522682 462.5486637419568
370.76820216377007 607.0321864085981
606.4858936019766 993.7746548936999
211.177797020597 769.2955265598605
875.4391410508433 531.0333852748299
732.5161656581371 831.6130477843088
343.7971289392715 445.27927883406494
394.14377312551295 240.72128399555493
405.1722730846201 955.0489396427729
437.58160351520416 178.32689937063907
188.00198896007203 269.04755847762806
777.1230056314431 927.3806127992098
395.51230797261616 929.0836383451893
643.9561287676426 680.4939966390073
799.1877967064149 343.4519110854419
491.865303204953 289.24188831031205
809.9107939529574 559.6744855150613
870.3551998674963 808.2029972531332
32.968959686734856 125.23699827864931
792.0574097254292 536.2951975834595
942.1257411433148 655.5627698058825
470.58064520376007 242.95579849403214
992.3402980925653 669.0416025896274
931.9254124827243 652.6242312323262
263.19976243162114 334.64493667576977
775.9545318892265 451.69951400125706
572.2079742059028 167.87676541867745
371.988213158441 786.8070307570881
196.5165383482279 960.175848903588
967.7263790301282 532.1034521645425
385.0376458805368 491.1019027721154
787.0381379480575 148.57978014753027
795.9735425154787 413.6678852700273
231.4311032379709 301.4175282769938
563.5847506770515 9.61671494845806
960.3254725891102 341.4676981876004
259.6106510759867 889.1126641828586
977.9752065369713 738.3554831765333
835.2566224325426 62.72814526734183
187.8779369479209 358.20045051563477
502.74594725143595 640.2252873378872
9.595163493602454 892.0073620042962
920.5469105198055 770.9779440444098
231.14265461488927 115.25288661935973
613.9691864699003 217.47012449949833
509.2856344242227 589.1633624503121
1.0908210867434098 161.86296002875588
16.316091162190016 648.8318878724482
955.7137523993689 408.06905333833674
362.53706821983747 857.0507931023783
451.85854399239366 788.4612799436773
992.9337427527215 430.0792793383227
220.11653499635108 69.58207345035305
889.7657169958131 898.9754521647744
163.4440123527239 974.2689423517122
575.9676941901588 603.879172928533
893.0418831831447 580.3023692215793
415.81046453462733 626.2432758554579
608.5941688934953 442.71392872304926
369.4129508145836 358.0042018001489
812.5936617414534 104.78420106172304
386.300916556312 732.171258863076
846.1300492519384 197.06389352309938
337.3152104749002 257.5647846992534
562.7845281799532 501.761288454065
789.9670544992077 945.8935278701396
69.66651590593398 354.7877480355218
874.3465669510795 879.6368166661676
427.2522709765575 337.80596161093143
515.0427109023797 271.86813873367123
659.7439872154512 230.74115754277935
916.7201261069221 569.6041437340971
570.2674818932607 859.9667259493411
160.8379186409199 61.5060391571155
683.1997956201603 790.4638702785383
543.1668633542433 475.98773316326026
599.9065289698493 590.8488660185235
579.8155946026001 410.2253190002473
597.9027476349496 982.385859446317
240.0802017053444 632.385614735635
995.6126487841263 466.0416031746011
635.6466953436693 69.74194313457294
195.2626791072344 692.0560189108633
801.8191111225832 454.5762530431955
553.3409210888459 183.91738185385788
682.4211499935755 720.2067826751343
324.57633924947805 190.87527712799601
594.5344718012893 734.9639205220016
155.12859749074215 215.17591197803355
647.3765764608552 748.6669399550556
741.9032997396799 205.11748113430738
489.09895035069115 69.91931944484875
92.1877010023705 555.3800859142565
66.43903683111807 380.6716727898652
21.250998884446815 141.6497093287624
3.73979954810133 84.01471903201352
67.50126232811682 366.55636190459217
726.1501354869649 827.4479808447793
860.8167145611721 322.69561459621667
874.4988002728326 264.65331607055873
387.33760828325137 793.384191078391
987.8659511506052 445.8926269737137
287.20534812898836 273.7243827855704
832.0954853579528 411.3223771857143
884.0173214130051 667.3630422241098
837.8396756191116 161.34507182623602
914.9920915772583 86.84687709993743
946.7753983705534 20.01044263047158
186.3833516629032 109.53354488042599
225.15634283117657 864.8576018865472
411.1801581655359 110.18254331426358
786.1212768901386 22.77197385439811
859.3117748368916 863.5111598875392
160.6037330869079 4.501648981244943
562.5999573168713 607.9249245705021
802.3388222244402 147.92611941734225
909.5358741234884 297.0440226684251
557.2810328737064 83.87046131320753
524.6534870157265 967.8963261393219
882.5201850196695 555.3893116102557
577.9597775807849 454.9372808672335
932.5608342967948 960.0073583595188
802.5708101967233 427.94460759173023
552.7235618031555 206.34677641202438
38.437505115279656 404.9391018269901
518.4342053005663 837.3258286914856
857.013366097477 489.4095684828751
439.29917219840564 375.0874281659786
285.84245536234397 928.6668056784533
348.9807530098661 637.8519719904956
886.1639181483011 396.9360348636038
552.5619415542908 114.8792046061704
580.2985188043276 672.8972065295989
149.6922240132569 345.1574447539717
59.15794258103868 868.0094591622674
32.198157404979 888.697366960372
723.0278908883525 227.7085723136365
749.0579209104096 805.5497156296678
831.2151441219005 837.8467201478481
671.2963574614789 225.2905999579289
798.7538914875906 730.2875873227254
234.2229385610447 873.7939848266088
387.78455640939933 865.8366437625234
127.52678470889866 325.7576514546232
791.6367293714208 500.19059866637207
143.54133789113254 100.20079209679244
582.3822671725412 187.43896998314503
610.441478259224 993.6543617695312
998.5993019505443 706.844106683267
223.76357212210095 818.9590244147182
58.26265403055753 991.605879316221
704.1653946603931 482.80083244457785
203.79684378597585 418.7170325402625
257.4723553173912 307.2699373911827
136.1873663963774 482.8143158465795
985.7368013342659 836.274021985799
437.23286131214013 696.7343211096442
916.3422778956606 510.2703226477074
631.8988439012727 674.499738260625
849.2305877020326 943.3064830609328
227.8220345330403 31.394215999241972
786.5038007509994 291.70141619624235
861.0900346516328 160.5515856922144
317.5170335639367 200.12369194193525
285.8831904567527 938.1064409946256
972.8338582521449 76.21118983502318
587.9612694048365 813.9719064453939
64.42450053405923 335.24465209732847
420.9423905214432 359.3044262405302
770.6124522631919 399.95508892675326
671.2607238614817 468.7117115245869
53.17131211173498 452.51596285181716
401.3790759654626 769.7587569109987
887.1771613001567 723.2488877459543
754.0555671328397 722.6910646219999
513.7439716442575 639.6498787409039
191.95183997557365 107.27948313132063
85.2288701339644 246.35190819090536
210.0642294027798 800.4233590868358
891.9105612735866 326.7393089826642
353.3642856426925 215.57562491762727
838.7619737818065 593.6800637806741
228.93351503513415 791.5595535976131
238.14098320390454 136.27201898139862
618.3748961207757 651.6700764953806
297.6133352327454 115.81081397086324
212.52034009538912 146.44476126090433
934.7063456499426 699.984650609392
965.4423767734633 609.1931097704842
311.9306207771911 702.8450600024358
93.87754914980839 685.4272606820173
604.8645586988716 137.00559920633515
915.9690959873719 553.4709719270923
846.0261559727646 430.17194518445757
58.34689618146205 120.73140557256335
945.8519096605537 910.7279901206007
487.2218891962291 238.68947933186212
600.3930627747357 987.4046814483679
583.6771096345948 737.029733694861
535.4256880105378 465.4731825450971
884.1002162334756 208.7540877492363
551.5056743816411 545.9838748627716
174.17819056058036 812.0698235047488
397.92939634245727 398.593871074859
575.3660947657982 178.5107719521014
552.714611462955 57.58662644470969
476.30438407627616 437.6999647741819
948.3840731335862 385.49712544034287
616.4366717976696 678.5421261658283
910.7439469242487 141.32855260872168
852.426827898277 311.5105543453992
254.76438859253904 959.5079577470315
593.8764102743517 945.280169170869
709.1275804584351 924.841430455604
