500 1238 30
0 19
1 29
2 0
3 2
4 21
5 15
6 28
7 29
8 5
9 16
10 29
11 10
12 0
13 10
14 9
15 26
16 28
17 15
18 18
19 15
20 13
21 3
22 20
23 5
24 25
25 15
26 0
27 0
28 2
29 29
30 3
31 6
32 1
33 8
34 2
35 2
36 8
37 16
38 6
39 21
40 1
41 10
42 22
43 27
44 26
45 13
46 16
47 18
48 17
49 24
50 25
51 15
52 17
53 25
54 21
55 9
56 18
57 27
58 22
59 12
60 1
61 24
62 3
63 5
64 6
65 14
66 17
67 12
68 11
69 18
70 13
71 7
72 7
73 28
74 25
75 28
76 0
77 5
78 24
79 10
80 13
81 4
82 0
83 28
84 3
85 5
86 7
87 17
88 18
89 17
90 13
91 7
92 2
93 20
94 17
95 20
96 15
97 2
98 20
99 17
100 14
101 25
102 2
103 1
104 21
105 14
106 24
107 2
108 2
109 14
110 25
111 16
112 7
113 8
114 27
115 23
116 16
117 21
118 8
119 1
120 10
121 14
122 7
123 19
124 7
125 10
126 27
127 20
128 4
129 6
130 11
131 1
132 19
133 12
134 23
135 24
136 3
137 17
138 11
139 16
140 27
141 22
142 1
143 23
144 18
145 25
146 26
147 6
148 3
149 19
150 11
151 16
152 18
153 21
154 7
155 29
156 8
157 20
158 8
159 15
160 7
161 21
162 21
163 4
164 25
165 21
166 27
167 26
168 14
169 26
170 19
171 16
172 27
173 1
174 16
175 24
176 23
177 3
178 26
179 9
180 20
181 15
182 3
183 29
184 24
185 22
186 1
187 18
188 27
189 8
190 7
191 18
192 20
193 18
194 17
195 5
196 26
197 21
198 26
199 8
200 9
201 7
202 8
203 27
204 25
205 18
206 2
207 4
208 17
209 29
210 15
211 20
212 0
213 25
214 7
215 6
216 1
217 25
218 25
219 16
220 3
221 1
222 10
223 28
224 13
225 23
226 2
227 5
228 15
229 2
230 6
231 22
232 27
233 13
234 12
235 18
236 3
237 15
238 13
239 14
240 14
241 24
242 8
243 12
244 20
245 3
246 6
247 18
248 11
249 26
250 26
251 20
252 4
253 22
254 23
255 19
256 4
257 21
258 7
259 23
260 21
261 23
262 21
263 27
264 4
265 29
266 6
267 22
268 19
269 10
270 14
271 19
272 23
273 0
274 9
275 11
276 0
277 18
278 16
279 3
280 4
281 2
282 24
283 14
284 27
285 19
286 9
287 12
288 10
289 19
290 1
291 9
292 4
293 10
294 5
295 6
296 6
297 17
298 11
299 10
300 20
301 9
302 14
303 20
304 27
305 0
306 27
307 29
308 4
309 8
310 5
311 25
312 28
313 10
314 22
315 26
316 17
317 24
318 19
319 10
320 18
321 3
322 21
323 14
324 6
325 6
326 16
327 3
328 18
329 22
330 24
331 6
332 10
333 17
334 21
335 3
336 13
337 26
338 12
339 8
340 27
341 12
342 11
343 21
344 15
345 7
346 25
347 21
348 19
349 12
350 5
351 0
352 16
353 11
354 1
355 27
356 1
357 7
358 0
359 17
360 15
361 16
362 14
363 10
364 3
365 1
366 28
367 1
368 10
369 16
370 10
371 27
372 7
373 15
374 22
375 0
376 24
377 23
378 19
379 15
380 19
381 10
382 27
383 5
384 20
385 10
386 2
387 10
388 17
389 21
390 18
391 6
392 21
393 27
394 8
395 18
396 2
397 24
398 6
399 7
400 3
401 9
402 6
403 17
404 1
405 27
406 4
407 18
408 23
409 13
410 29
411 3
412 26
413 5
414 6
415 7
416 18
417 5
418 14
419 14
420 17
421 26
422 15
423 10
424 27
425 9
426 7
427 22
428 29
429 19
430 18
431 6
432 23
433 6
434 20
435 19
436 15
437 11
438 24
439 5
440 4
441 26
442 11
443 22
444 25
445 26
446 28
447 15
448 21
449 7
450 0
451 8
452 22
453 5
454 6
455 22
456 1
457 24
458 28
459 17
460 24
461 17
462 29
463 5
464 10
465 15
466 1
467 29
468 15
469 28
470 20
471 7
472 11
473 15
474 23
475 22
476 11
477 4
478 28
479 21
480 8
481 28
482 15
483 18
484 7
485 14
486 20
487 11
488 17
489 12
490 5
491 7
492 6
493 12
494 5
495 5
496 9
497 24
498 16
499 22
113 127 76.0
7 405 38.0
12 190 87.0
15 398 25.0
132 289 25.0
20 265 78.0
28 388 55.0
288 433 10.0
281 491 91.0
166 291 35.0
92 164 85.0
112 417 91.0
3 153 71.0
364 483 34.0
197 383 33.0
394 462 80.0
233 462 65.0
273 320 42.0
233 394 62.0
16 198 66.0
237 386 49.0
137 425 92.0
110 407 41.0
150 155 13.0
291 383 96.0
155 160 80.0
21 116 5.0
125 312 49.0
268 355 15.0
42 379 92.0
163 271 64.0
83 374 71.0
288 483 93.0
48 460 81.0
204 254 25.0
85 450 75.0
259 387 47.0
414 450 35.0
110 152 66.0
194 334 68.0
22 327 67.0
153 323 21.0
175 235 26.0
263 387 63.0
139 279 42.0
204 440 42.0
42 382 26.0
63 442 77.0
146 406 1.0
250 347 14.0
27 55 3.0
73 124 20.0
115 250 16.0
306 309 59.0
223 471 13.0
86 488 24.0
40 355 31.0
232 440 19.0
242 480 68.0
326 461 57.0
373 484 70.0
312 490 49.0
51 156 73.0
237 313 64.0
432 490 97.0
57 468 9.0
113 303 90.0
151 469 79.0
101 297 53.0
372 449 51.0
192 498 56.0
93 142 41.0
433 483 92.0
8 96 89.0
352 382 70.0
259 337 18.0
217 418 16.0
206 352 14.0
141 457 16.0
127 303 48.0
235 338 36.0
1 208 13.0
247 256 83.0
395 427 92.0
356 425 77.0
36 149 82.0
361 485 17.0
8 340 27.0
272 410 68.0
24 487 22.0
40 268 91.0
198 377 16.0
299 444 98.0
94 341 72.0
341 400 33.0
384 496 81.0
379 382 6.0
162 467 72.0
184 362 91.0
224 421 17.0
93 173 99.0
20 451 20.0
123 363 91.0
317 401 5.0
285 404 57.0
252 325 93.0
95 443 96.0
159 216 93.0
232 254 54.0
318 408 25.0
102 125 72.0
65 145 95.0
71 77 97.0
444 494 29.0
357 478 93.0
16 377 24.0
213 217 82.0
19 476 5.0
194 493 3.0
57 214 12.0
265 451 2.0
32 400 79.0
42 270 27.0
213 418 37.0
78 117 41.0
44 475 36.0
152 407 94.0
282 461 92.0
364 433 69.0
78 186 68.0
102 312 12.0
254 440 52.0
76 305 15.0
83 145 82.0
91 136 74.0
52 202 8.0
307 482 24.0
120 467 91.0
88 225 43.0
266 492 38.0
170 412 28.0
215 328 9.0
130 147 43.0
179 480 90.0
59 240 97.0
60 472 93.0
251 467 15.0
145 374 48.0
10 171 45.0
142 173 85.0
14 482 35.0
35 107 76.0
176 211 53.0
185 258 80.0
53 294 69.0
30 71 8.0
41 128 60.0
6 144 33.0
10 343 5.0
242 304 79.0
160 364 62.0
137 356 65.0
304 380 78.0
352 453 94.0
270 379 86.0
76 430 17.0
1 77 23.0
76 228 86.0
30 335 46.0
162 231 5.0
104 120 78.0
197 258 1.0
464 468 91.0
73 106 1.0
214 468 93.0
169 248 75.0
84 328 87.0
2 331 72.0
124 359 77.0
238 350 90.0
206 453 99.0
366 387 72.0
283 340 50.0
278 365 56.0
184 341 59.0
213 494 61.0
38 229 18.0
40 301 85.0
353 398 8.0
312 432 78.0
80 134 76.0
247 278 4.0
329 469 2.0
175 338 48.0
187 423 59.0
354 454 16.0
370 409 68.0
297 351 46.0
173 255 82.0
370 490 94.0
15 353 58.0
45 326 4.0
327 421 81.0
13 129 33.0
12 496 91.0
435 464 10.0
100 477 65.0
391 448 80.0
189 371 31.0
205 391 19.0
81 336 84.0
46 244 56.0
389 479 72.0
118 456 78.0
226 436 63.0
222 411 3.0
334 493 24.0
133 262 7.0
84 178 16.0
120 251 98.0
162 251 63.0
67 310 49.0
138 204 16.0
413 454 46.0
268 301 15.0
179 242 63.0
75 477 53.0
270 410 24.0
32 341 73.0
146 344 81.0
70 353 96.0
174 354 20.0
339 353 43.0
225 360 53.0
138 440 28.0
149 289 42.0
224 420 18.0
182 437 17.0
237 458 9.0
119 248 49.0
290 405 29.0
164 165 88.0
161 466 13.0
102 370 49.0
74 201 58.0
304 480 47.0
132 149 10.0
14 268 60.0
34 356 69.0
92 497 76.0
342 357 78.0
311 369 85.0
221 376 92.0
61 324 76.0
166 258 58.0
87 343 19.0
270 382 87.0
94 184 14.0
160 288 45.0
88 375 55.0
444 470 11.0
369 408 59.0
158 250 41.0
219 455 57.0
403 491 98.0
263 286 89.0
319 439 79.0
151 472 29.0
335 428 14.0
229 461 35.0
112 403 36.0
7 342 34.0
470 494 36.0
172 195 89.0
92 165 28.0
200 472 58.0
77 208 28.0
148 310 91.0
181 479 38.0
24 147 5.0
18 441 17.0
155 364 54.0
6 13 23.0
96 168 11.0
57 435 39.0
299 494 77.0
106 233 94.0
249 298 23.0
86 464 42.0
294 298 74.0
82 399 98.0
435 468 65.0
310 439 5.0
157 186 50.0
142 488 37.0
32 94 78.0
170 290 84.0
68 123 86.0
24 130 21.0
130 184 74.0
289 468 90.0
154 441 75.0
332 380 64.0
16 49 14.0
90 177 10.0
161 349 52.0
125 432 77.0
318 455 35.0
50 169 20.0
217 494 31.0
132 468 61.0
38 418 39.0
56 64 50.0
302 305 2.0
234 474 62.0
376 422 86.0
419 429 89.0
196 421 80.0
66 299 4.0
117 186 52.0
88 360 48.0
322 427 48.0
166 177 84.0
10 287 47.0
35 313 22.0
111 451 83.0
132 464 16.0
72 456 15.0
39 218 22.0
211 267 33.0
70 274 40.0
141 272 59.0
52 80 8.0
291 423 63.0
95 478 39.0
107 313 72.0
180 367 88.0
140 414 9.0
136 416 98.0
190 385 63.0
188 499 30.0
246 303 56.0
59 295 16.0
384 465 89.0
185 275 5.0
10 87 40.0
72 118 79.0
190 241 90.0
93 255 19.0
217 470 80.0
276 361 53.0
383 423 78.0
171 287 21.0
106 431 43.0
67 439 8.0
53 298 79.0
8 283 35.0
29 420 26.0
230 269 6.0
236 299 46.0
245 378 56.0
108 179 94.0
158 347 88.0
350 361 9.0
84 215 7.0
14 301 88.0
37 262 64.0
75 417 98.0
102 279 95.0
168 340 25.0
235 446 82.0
116 487 46.0
138 254 90.0
205 401 68.0
131 390 25.0
73 233 87.0
109 378 60.0
344 406 33.0
177 291 86.0
162 302 68.0
175 446 43.0
73 338 43.0
70 339 60.0
60 394 27.0
49 377 70.0
163 180 58.0
5 264 9.0
14 355 45.0
171 343 29.0
389 408 76.0
161 293 17.0
98 321 70.0
313 458 34.0
420 421 77.0
111 210 99.0
58 133 60.0
91 465 98.0
246 424 85.0
181 412 47.0
86 142 2.0
171 415 91.0
68 363 13.0
402 465 45.0
26 256 71.0
133 264 67.0
135 343 33.0
99 284 82.0
256 278 62.0
230 453 27.0
280 357 37.0
208 249 100.0
342 478 61.0
238 487 47.0
50 475 31.0
46 443 79.0
75 125 77.0
238 361 50.0
30 220 83.0
311 408 95.0
130 362 48.0
18 154 41.0
437 456 62.0
191 333 80.0
409 490 80.0
314 340 28.0
114 255 46.0
305 430 73.0
56 69 35.0
55 122 31.0
329 472 37.0
45 135 31.0
104 467 2.0
122 147 36.0
348 391 64.0
33 345 5.0
224 327 2.0
107 115 16.0
379 410 80.0
1 249 19.0
253 442 12.0
140 208 89.0
148 252 9.0
280 315 12.0
209 303 30.0
364 498 54.0
15 424 68.0
280 478 52.0
23 33 56.0
151 176 45.0
323 434 71.0
74 97 23.0
49 403 22.0
450 497 82.0
372 466 74.0
391 401 11.0
240 295 37.0
119 365 15.0
150 285 80.0
228 430 56.0
3 215 38.0
24 238 72.0
308 434 66.0
72 344 100.0
52 134 92.0
282 331 75.0
239 362 28.0
227 459 51.0
78 214 18.0
210 451 15.0
178 209 55.0
38 217 18.0
125 477 21.0
127 246 78.0
13 316 54.0
124 338 41.0
159 420 11.0
107 250 27.0
338 446 62.0
85 140 61.0
127 227 62.0
66 375 20.0
192 364 25.0
354 413 23.0
203 476 45.0
2 116 17.0
167 281 55.0
116 238 16.0
205 346 26.0
348 486 12.0
127 209 49.0
130 487 83.0
27 456 86.0
84 127 33.0
329 462 87.0
9 481 73.0
240 307 4.0
77 140 18.0
1 298 54.0
37 58 79.0
9 154 48.0
48 189 82.0
325 419 76.0
286 366 59.0
153 215 89.0
183 194 20.0
361 406 96.0
104 342 10.0
212 314 55.0
23 67 39.0
54 293 54.0
77 335 6.0
105 249 98.0
236 444 34.0
34 39 98.0
60 200 66.0
234 280 9.0
143 422 11.0
100 103 77.0
2 487 59.0
225 375 99.0
183 334 85.0
79 429 81.0
111 392 75.0
66 371 54.0
181 244 71.0
61 346 17.0
49 491 35.0
152 481 95.0
28 439 49.0
154 178 75.0
58 262 21.0
139 207 75.0
322 395 22.0
63 158 70.0
17 270 46.0
244 412 35.0
279 370 90.0
251 405 79.0
465 496 21.0
69 196 67.0
359 431 4.0
408 455 87.0
267 449 80.0
243 393 46.0
17 230 83.0
84 209 40.0
108 480 64.0
169 475 98.0
167 377 35.0
59 207 54.0
63 253 85.0
157 475 80.0
443 478 22.0
334 337 10.0
181 369 86.0
355 482 83.0
2 400 19.0
178 215 95.0
344 363 19.0
51 438 50.0
96 283 12.0
330 432 3.0
35 157 25.0
207 370 84.0
4 52 27.0
37 254 76.0
23 310 48.0
394 431 87.0
104 251 61.0
101 274 2.0
19 191 32.0
462 472 86.0
176 469 2.0
183 244 35.0
91 416 66.0
207 409 68.0
71 140 37.0
41 224 96.0
388 439 98.0
349 466 40.0
306 473 22.0
153 434 37.0
371 375 78.0
233 329 33.0
394 472 61.0
258 275 78.0
221 422 89.0
426 460 88.0
137 422 92.0
225 371 27.0
454 489 46.0
21 238 91.0
90 101 6.0
321 493 29.0
49 417 98.0
187 383 39.0
280 474 66.0
395 435 88.0
310 319 63.0
65 296 54.0
119 169 39.0
75 100 5.0
58 256 97.0
290 478 88.0
274 445 2.0
27 122 59.0
31 167 32.0
233 338 70.0
156 438 57.0
147 350 35.0
100 201 96.0
117 157 93.0
251 342 86.0
129 316 50.0
257 292 96.0
94 239 21.0
322 414 56.0
155 192 23.0
273 491 13.0
37 109 100.0
330 356 62.0
23 257 28.0
116 331 38.0
181 389 89.0
90 297 94.0
36 368 50.0
32 229 8.0
189 460 56.0
55 456 57.0
304 332 32.0
150 404 68.0
17 410 9.0
108 431 46.0
103 330 22.0
176 267 35.0
47 179 78.0
146 361 100.0
144 316 70.0
253 261 55.0
320 491 89.0
50 157 86.0
358 452 11.0
213 299 6.0
43 397 8.0
107 157 51.0
75 403 32.0
57 78 60.0
32 217 9.0
263 334 68.0
345 489 44.0
275 499 66.0
85 165 64.0
125 417 1.0
272 379 41.0
132 142 35.0
139 370 21.0
19 203 94.0
95 280 8.0
250 458 59.0
79 463 75.0
309 390 19.0
67 388 27.0
91 493 63.0
103 201 50.0
244 479 58.0
142 464 32.0
104 162 98.0
121 223 12.0
304 381 77.0
81 458 71.0
256 365 56.0
331 461 22.0
35 117 34.0
127 328 8.0
109 254 54.0
150 192 90.0
65 79 28.0
128 224 96.0
139 417 81.0
433 498 75.0
62 413 87.0
32 461 48.0
326 331 12.0
230 270 21.0
26 58 76.0
0 379 1.0
183 416 3.0
181 408 7.0
81 253 83.0
306 474 98.0
306 308 32.0
132 173 13.0
416 479 47.0
148 325 10.0
267 372 57.0
62 266 54.0
29 56 26.0
317 391 80.0
176 471 46.0
163 367 58.0
105 294 85.0
41 159 92.0
259 334 53.0
184 487 46.0
349 388 100.0
147 362 89.0
274 353 22.0
6 316 92.0
104 231 46.0
44 115 61.0
448 495 41.0
300 447 96.0
143 447 67.0
212 427 5.0
109 232 13.0
213 373 82.0
126 488 51.0
4 98 15.0
68 406 16.0
336 458 51.0
275 284 77.0
46 183 94.0
124 446 29.0
296 319 79.0
83 296 61.0
135 326 48.0
248 475 80.0
121 396 38.0
33 257 50.0
71 220 90.0
128 327 93.0
90 166 51.0
286 334 6.0
50 186 53.0
94 217 75.0
15 209 75.0
392 495 76.0
99 452 16.0
29 196 55.0
203 255 48.0
309 474 62.0
131 459 9.0
360 375 8.0
149 173 33.0
432 477 30.0
2 32 67.0
193 346 70.0
124 431 17.0
0 382 22.0
274 297 27.0
322 450 46.0
25 121 32.0
389 416 73.0
61 205 8.0
91 321 96.0
58 109 79.0
36 214 81.0
33 67 95.0
174 301 59.0
197 360 12.0
128 436 7.0
190 465 85.0
358 411 5.0
44 248 5.0
274 351 31.0
0 419 18.0
385 486 26.0
213 484 5.0
153 328 93.0
43 271 56.0
59 482 36.0
359 399 3.0
1 335 32.0
182 228 49.0
179 380 38.0
122 362 18.0
20 243 10.0
128 226 83.0
190 402 76.0
2 184 30.0
17 269 95.0
59 139 1.0
129 492 54.0
234 315 28.0
57 117 25.0
306 390 42.0
212 395 68.0
22 128 35.0
199 426 25.0
154 209 67.0
44 415 73.0
43 193 55.0
11 363 9.0
241 447 95.0
0 352 75.0
121 471 42.0
89 316 19.0
82 172 61.0
339 445 23.0
124 399 19.0
111 495 82.0
390 473 9.0
252 438 100.0
23 148 11.0
284 358 86.0
91 402 23.0
266 413 14.0
182 456 78.0
349 449 16.0
4 202 45.0
34 422 1.0
243 451 27.0
91 194 95.0
26 278 46.0
47 431 6.0
46 286 69.0
82 359 54.0
115 157 29.0
286 443 75.0
90 258 86.0
300 496 32.0
79 145 9.0
302 430 79.0
141 379 91.0
330 409 74.0
319 388 33.0
162 305 89.0
54 354 82.0
325 438 17.0
244 416 100.0
51 148 35.0
5 365 21.0
357 474 64.0
85 208 64.0
412 443 52.0
469 471 99.0
274 339 34.0
31 377 96.0
324 397 19.0
54 174 45.0
219 300 42.0
48 371 72.0
5 119 61.0
298 428 22.0
429 453 49.0
68 361 74.0
32 331 30.0
27 344 31.0
137 330 58.0
104 357 20.0
66 189 39.0
203 368 2.0
352 429 28.0
74 137 58.0
375 484 82.0
377 491 57.0
97 317 48.0
300 384 46.0
485 492 38.0
105 208 78.0
308 473 86.0
199 460 23.0
308 474 86.0
149 255 70.0
60 431 29.0
391 486 7.0
11 218 32.0
27 147 99.0
329 471 87.0
122 239 97.0
321 334 86.0
182 430 91.0
22 69 2.0
90 274 33.0
37 138 21.0
100 367 66.0
321 402 14.0
354 489 97.0
108 304 21.0
63 81 24.0
199 231 41.0
211 472 34.0
118 344 78.0
193 317 17.0
236 239 24.0
349 372 50.0
27 146 46.0
297 499 11.0
276 492 32.0
193 397 38.0
54 349 7.0
325 429 72.0
220 386 34.0
95 286 12.0
447 496 100.0
129 489 93.0
221 317 48.0
38 261 28.0
209 424 96.0
135 331 57.0
257 345 6.0
97 376 29.0
62 492 29.0
62 68 94.0
68 344 83.0
126 216 45.0
62 354 5.0
168 216 53.0
169 278 7.0
119 415 53.0
118 182 1.0
13 492 17.0
290 302 70.0
79 453 92.0
319 325 88.0
158 458 98.0
315 366 41.0
34 143 46.0
158 415 85.0
48 225 15.0
328 473 79.0
386 428 75.0
23 156 77.0
379 457 13.0
295 396 100.0
47 374 32.0
63 458 26.0
105 165 28.0
411 452 66.0
299 373 7.0
104 309 94.0
343 442 54.0
217 239 73.0
11 118 37.0
44 119 3.0
117 313 78.0
284 498 86.0
126 212 52.0
232 378 41.0
225 383 34.0
212 450 32.0
3 178 87.0
339 407 90.0
21 361 27.0
75 491 17.0
87 144 13.0
180 201 5.0
153 308 20.0
231 305 7.0
245 260 67.0
108 359 97.0
391 495 98.0
258 499 15.0
9 152 87.0
293 295 36.0
14 174 68.0
80 495 50.0
317 348 26.0
293 307 95.0
284 452 2.0
19 333 82.0
75 367 58.0
26 368 37.0
236 277 21.0
452 484 96.0
25 396 42.0
99 258 71.0
91 183 71.0
96 216 97.0
332 381 25.0
353 481 37.0
175 471 42.0
0 325 1.0
36 186 71.0
193 324 38.0
187 426 88.0
170 369 62.0
152 339 62.0
117 435 96.0
63 171 65.0
227 426 79.0
26 245 81.0
62 301 18.0
221 447 40.0
92 212 20.0
201 367 44.0
27 350 48.0
169 368 50.0
36 169 15.0
111 393 34.0
352 419 14.0
25 223 67.0
192 284 79.0
255 368 9.0
330 477 65.0
234 308 80.0
210 495 95.0
171 442 22.0
175 223 70.0
30 386 21.0
240 293 70.0
255 476 62.0
47 145 97.0
108 195 66.0
100 330 68.0
427 450 43.0
19 26 27.0
229 253 25.0
164 212 80.0
231 277 75.0
85 105 31.0
139 295 80.0
324 392 59.0
16 396 98.0
60 374 17.0
221 241 69.0
61 495 92.0
261 418 62.0
19 114 84.0
6 276 71.0
174 307 83.0
6 492 57.0
82 195 28.0
266 454 61.0
246 426 1.0
89 292 51.0
407 445 57.0
31 320 94.0
0 138 17.0
31 281 59.0
4 321 10.0
326 442 99.0
219 389 96.0
412 478 76.0
26 109 3.0
59 409 78.0
489 492 8.0
273 367 94.0
96 159 75.0
60 83 51.0
182 369 95.0
375 452 22.0
0 457 46.0
258 284 71.0
134 385 98.0
253 461 43.0
5 89 50.0
261 336 94.0
290 430 62.0
191 260 54.0
31 491 83.0
111 243 73.0
202 210 47.0
188 433 72.0
40 62 20.0
199 390 76.0
99 197 80.0
193 205 79.0
422 447 77.0
134 402 23.0
423 426 93.0
246 423 52.0
338 471 31.0
5 58 43.0
33 388 8.0
41 96 35.0
154 353 14.0
114 488 88.0
87 331 8.0
220 322 38.0
295 466 57.0
188 297 47.0
21 144 96.0
3 441 8.0
284 499 40.0
316 489 39.0
64 114 37.0
29 114 84.0
11 39 71.0
174 482 35.0
300 465 63.0
47 380 89.0
321 337 48.0
228 277 25.0
164 283 93.0
442 461 79.0
97 137 29.0
38 253 22.0
454 492 48.0
26 378 52.0
104 474 13.0
180 193 2.0
428 458 64.0
99 375 42.0
143 300 49.0
267 471 43.0
9 353 13.0
323 441 23.0
195 304 7.0
201 330 43.0
291 424 76.0
296 388 59.0
174 293 60.0
33 54 2.0
118 311 32.0
55 239 46.0
15 177 66.0
10 144 92.0
331 343 47.0
193 201 49.0
144 276 23.0
189 199 46.0
79 325 71.0
300 416 97.0
218 219 76.0
118 363 52.0
230 463 58.0
258 297 35.0
280 286 28.0
163 193 36.0
202 495 29.0
152 353 67.0
127 426 63.0
164 340 73.0
212 435 80.0
118 455 82.0
117 322 38.0
189 277 90.0
89 264 68.0
138 156 27.0
62 485 66.0
52 495 47.0
80 448 50.0
19 368 100.0
96 128 29.0
89 415 80.0
383 460 86.0
21 87 57.0
121 466 38.0
10 89 65.0
324 495 86.0
80 385 96.0
356 409 67.0
328 390 30.0
222 404 37.0
163 320 57.0
90 353 97.0
52 402 64.0
261 452 61.0
76 277 28.0
139 396 59.0
53 285 34.0
212 216 68.0
216 314 90.0
47 332 8.0
138 325 22.0
163 397 99.0
192 222 84.0
283 436 85.0
86 212 28.0
284 433 51.0
11 219 65.0
138 264 41.0
54 489 9.0
83 211 27.0
165 283 47.0
260 457 85.0
234 434 65.0
332 463 50.0
62 361 25.0
134 190 54.0
324 393 77.0
396 466 68.0
222 284 72.0
222 428 100.0
241 317 60.0
25 175 33.0
89 119 30.0
234 366 53.0
39 219 50.0
25 31 22.0
34 409 64.0
118 369 2.0
89 257 47.0
285 294 95.0
420 488 58.0
26 169 43.0
141 260 43.0
434 441 51.0
47 79 48.0
222 261 78.0
121 267 50.0
10 316 21.0
222 298 2.0
40 68 23.0
16 25 90.0
11 34 19.0
98 259 79.0
114 333 45.0
83 388 93.0
199 309 48.0
222 458 67.0
182 239 27.0
89 156 13.0
239 456 11.0
351 407 1.0
68 355 85.0
39 300 87.0
89 489 71.0
285 298 6.0
317 385 57.0
260 440 91.0
150 222 37.0
269 332 9.0
260 272 59.0
313 322 18.0
355 363 32.0
34 355 26.0
26 260 44.0
34 300 3.0
189 231 67.0
228 236 36.0
105 285 81.0
23 89 38.0
89 345 27.0
69 333 100.0
83 349 47.0
202 243 46.0
4 259 65.0
243 397 91.0
25 399 71.0
320 397 33.0
165 226 56.0
69 260 45.0
259 434 100.0
243 320 12.0
202 434 21.0
22 332 67.0
