150 405 15
0 11
1 13
2 7
3 2
4 5
5 3
6 9
7 4
8 9
9 3
10 9
11 1
12 6
13 8
14 11
15 4
16 8
17 1
18 13
19 3
20 10
21 12
22 6
23 1
24 14
25 11
26 11
27 8
28 13
29 6
30 14
31 1
32 2
33 4
34 14
35 13
36 10
37 2
38 5
39 5
40 1
41 0
42 3
43 4
44 0
45 3
46 14
47 10
48 2
49 2
50 13
51 3
52 12
53 12
54 1
55 11
56 7
57 9
58 4
59 3
60 0
61 14
62 0
63 4
64 8
65 9
66 4
67 2
68 6
69 5
70 6
71 2
72 1
73 3
74 9
75 11
76 6
77 2
78 14
79 11
80 12
81 13
82 10
83 10
84 7
85 14
86 8
87 2
88 3
89 9
90 1
91 3
92 5
93 14
94 1
95 7
96 12
97 11
98 7
99 10
100 7
101 1
102 14
103 4
104 3
105 12
106 9
107 8
108 14
109 7
110 9
111 7
112 5
113 8
114 11
115 6
116 0
117 9
118 12
119 14
120 3
121 11
122 4
123 7
124 7
125 5
126 4
127 12
128 9
129 1
130 12
131 11
132 6
133 12
134 11
135 6
136 13
137 11
138 4
139 2
140 4
141 5
142 9
143 7
144 6
145 0
146 2
147 11
148 9
149 14
11 143 85.0
94 95 63.0
17 31 85.0
69 141 50.0
60 94 97.0
10 43 55.0
19 103 50.0
60 95 50.0
20 113 20.0
88 131 77.0
57 102 90.0
18 20 84.0
74 116 70.0
67 114 67.0
91 109 90.0
46 92 94.0
58 62 27.0
64 127 25.0
66 99 58.0
75 112 69.0
33 110 39.0
42 132 3.0
45 114 67.0
36 110 57.0
1 9 83.0
88 89 4.0
35 102 13.0
43 83 15.0
25 28 19.0
8 97 28.0
18 113 76.0
64 95 65.0
40 117 61.0
105 144 98.0
51 67 10.0
10 83 8.0
17 112 35.0
89 131 83.0
98 148 42.0
11 55 12.0
47 142 95.0
113 138 71.0
64 94 80.0
87 109 7.0
9 54 59.0
34 139 36.0
124 136 58.0
0 70 62.0
29 93 74.0
17 75 56.0
24 51 56.0
35 57 87.0
37 116 63.0
16 103 55.0
52 149 54.0
45 67 16.0
2 78 7.0
63 122 82.0
93 149 6.0
33 36 85.0
69 77 74.0
0 52 93.0
81 134 80.0
27 60 34.0
60 64 12.0
31 75 74.0
49 126 90.0
8 23 1.0
65 108 27.0
10 135 4.0
21 107 42.0
24 90 66.0
115 145 26.0
22 99 97.0
30 121 62.0
50 115 48.0
96 104 95.0
49 105 51.0
15 68 27.0
83 135 31.0
62 92 63.0
4 71 99.0
87 91 58.0
32 44 85.0
36 48 37.0
77 141 7.0
51 86 100.0
81 125 21.0
10 30 88.0
3 47 45.0
46 77 8.0
127 140 51.0
52 93 67.0
13 33 21.0
27 94 49.0
1 108 94.0
94 127 79.0
24 62 35.0
30 135 38.0
130 149 73.0
6 28 72.0
67 90 89.0
90 92 3.0
80 119 74.0
9 106 81.0
35 146 25.0
5 144 3.0
58 68 45.0
78 137 78.0
102 109 41.0
34 76 5.0
79 133 20.0
12 99 41.0
76 110 67.0
7 14 9.0
41 114 19.0
1 54 49.0
62 68 45.0
17 87 11.0
13 36 97.0
136 137 29.0
41 69 50.0
18 138 9.0
11 88 45.0
30 43 45.0
41 141 88.0
31 87 30.0
19 126 40.0
101 140 71.0
22 66 8.0
64 140 43.0
105 126 88.0
88 143 71.0
37 74 69.0
54 106 26.0
34 110 58.0
44 145 30.0
32 45 32.0
0 149 14.0
71 116 84.0
80 130 4.0
57 109 83.0
14 78 4.0
77 92 75.0
52 70 98.0
77 146 4.0
9 108 87.0
34 36 68.0
107 148 89.0
39 111 47.0
86 147 5.0
26 59 50.0
27 82 71.0
51 147 41.0
23 97 58.0
55 88 92.0
45 51 59.0
90 114 39.0
28 56 94.0
103 126 64.0
53 84 58.0
38 73 28.0
5 49 85.0
48 139 72.0
137 139 63.0
62 90 24.0
87 112 47.0
61 86 36.0
91 102 89.0
38 79 48.0
82 106 57.0
43 121 30.0
41 90 4.0
46 62 17.0
45 147 7.0
51 90 82.0
7 136 9.0
22 148 18.0
3 135 15.0
6 56 36.0
111 142 81.0
33 76 18.0
71 74 58.0
98 107 94.0
49 132 89.0
80 149 48.0
27 129 15.0
71 115 37.0
0 130 26.0
47 83 33.0
30 89 21.0
32 114 11.0
32 41 71.0
6 25 43.0
81 97 96.0
52 101 46.0
7 124 49.0
1 56 64.0
77 90 7.0
4 70 96.0
47 135 33.0
11 121 4.0
56 108 30.0
61 89 24.0
73 79 75.0
4 72 97.0
29 52 5.0
3 142 50.0
12 66 1.0
98 104 23.0
21 130 8.0
59 120 6.0
5 105 33.0
126 132 63.0
56 65 46.0
37 101 99.0
141 146 23.0
120 129 93.0
69 90 96.0
30 143 5.0
7 78 28.0
2 48 62.0
22 98 92.0
38 119 33.0
48 137 30.0
78 136 28.0
36 139 14.0
27 64 60.0
19 105 8.0
48 78 90.0
23 63 19.0
54 128 64.0
21 148 13.0
44 115 25.0
6 125 81.0
35 91 81.0
29 101 99.0
9 82 57.0
29 127 79.0
106 129 90.0
71 145 9.0
25 136 96.0
59 103 47.0
13 48 53.0
57 146 65.0
80 93 72.0
46 68 74.0
51 62 33.0
30 88 40.0
12 91 99.0
14 18 14.0
76 139 47.0
74 115 86.0
29 140 44.0
40 128 30.0
14 20 3.0
8 81 41.0
97 125 99.0
37 140 14.0
124 125 27.0
83 142 78.0
61 131 99.0
21 80 34.0
38 133 62.0
6 65 89.0
3 61 11.0
122 147 26.0
14 113 87.0
15 58 100.0
26 127 70.0
26 94 10.0
31 91 93.0
109 112 72.0
89 135 16.0
66 148 38.0
61 135 53.0
85 96 76.0
44 50 6.0
120 123 39.0
6 124 2.0
3 147 80.0
26 29 90.0
5 132 40.0
76 117 45.0
62 86 21.0
25 139 15.0
66 118 31.0
6 134 19.0
55 121 97.0
3 122 61.0
53 85 22.0
39 142 5.0
119 133 32.0
42 73 2.0
74 81 65.0
70 72 72.0
84 85 22.0
100 104 15.0
72 118 85.0
8 63 53.0
29 80 24.0
65 134 3.0
4 52 62.0
12 118 83.0
21 119 25.0
4 145 95.0
16 26 11.0
6 136 96.0
27 120 53.0
3 86 48.0
15 46 68.0
107 133 54.0
16 132 19.0
54 56 48.0
45 122 75.0
21 133 72.0
71 101 11.0
6 81 26.0
82 140 26.0
7 138 83.0
117 139 66.0
35 118 29.0
26 27 74.0
26 120 46.0
22 104 18.0
54 129 86.0
85 104 100.0
57 112 31.0
14 138 99.0
28 139 60.0
18 39 51.0
40 76 6.0
44 141 94.0
103 132 28.0
59 123 98.0
58 61 32.0
23 138 23.0
100 107 19.0
130 148 84.0
3 63 48.0
97 124 46.0
37 134 77.0
2 13 41.0
98 100 89.0
22 96 66.0
81 115 20.0
32 50 47.0
28 117 7.0
38 42 68.0
8 122 55.0
0 72 42.0
29 119 46.0
18 78 54.0
2 18 79.0
0 66 36.0
22 91 99.0
16 119 54.0
39 63 40.0
91 118 59.0
46 57 14.0
103 123 33.0
43 111 11.0
61 62 37.0
141 145 45.0
63 138 43.0
31 53 34.0
66 130 80.0
5 123 96.0
66 72 63.0
7 97 62.0
118 145 23.0
65 140 16.0
52 71 95.0
40 54 31.0
38 132 45.0
97 138 26.0
8 32 7.0
123 129 1.0
58 131 68.0
16 29 21.0
28 54 43.0
85 100 95.0
3 39 62.0
79 100 59.0
54 117 97.0
18 111 99.0
91 96 38.0
31 85 84.0
134 140 33.0
128 129 75.0
8 45 34.0
15 131 26.0
9 140 89.0
145 146 17.0
15 55 6.0
73 100 26.0
35 145 24.0
85 91 23.0
46 112 48.0
15 112 41.0
15 75 12.0
2 111 11.0
13 111 39.0
15 84 85.0
73 84 36.0
