665.6419667541938 495.38692755587886
423.0832861203476 153.48475758719326
38.885413655806225 238.69017931076908
117.78978127365025 742.5496565657613
540.9578703314777 496.62324346800534
967.9317937096632 84.6054528680339
309.3634976424852 261.1801284374854
120.66453511478359 330.38738191829975
256.97678933678094 488.611765202423
450.8557166515713 141.5690194504261
14.977788774003908 809.5989149073985
50.17346828732761 947.4820976666853
695.8556738674014 752.0359640746586
2.7431136502132913 82.96393229818777
60.6714910608499 312.38773556064757
358.81906145573225 987.7126175124497
850.3078486725708 245.6868821280557
739.0384918197113 930.5712314215991
26.681884354631148 408.52794393010515
834.4299393083859 196.43335232024296
47.952753469570396 416.13744371434024
813.8209505738878 549.8198501811332
741.4753846215937 696.3047842357857
212.44892643789726 508.7921118615234
317.5465927701013 821.0556723248086
247.80697318530764 209.07625344405912
712.3625911383442 247.5720452160195
580.1238682759486 185.2553372062916
281.69606537762184 209.4043992480723
683.1082495526844 363.2422102703857
48.18606765533762 853.567965124421
744.4832248507405 924.5071112512275
347.18493680104154 664.4317778675189
52.8058440837188 56.443155747889605
132.57095059764757 107.01901991684126
567.1719133235038 849.3654372395583
64.00642392020283 100.81392912641884
507.7702581957555 418.3503775300379
929.2299835500745 384.68267168249383
13.60578908214971 558.9515877938595
281.5737280968864 28.69732881939857
390.50045546706525 732.1993877738946
990.9384450861897 229.89164179942802
8.370103061812406 802.1368148823913
378.0274021468847 620.5917123095664
309.5630215405124 720.0684422579681
418.3083957778189 859.5538252505825
70.62671465754778 713.0283438304202
72.18122486044443 154.59961798746292
930.2296345530153 146.50273130372193
375.14095179675553 502.55789659573156
290.01118911928626 787.7183204672045
666.7841710342938 448.6067024208299
916.7502647462771 976.3185876637318
457.07024671926024 100.56522282328217
65.98371228599053 983.2221700814268
352.0461255491689 195.97539827080013
588.0924618908707 887.3876432166792
321.7084467922468 883.124498723182
734.0189982884586 181.33479768213502
596.9908108892633 229.3989118280265
171.89558264209825 837.8745597240681
344.38993709055876 872.850945156299
180.77963205054326 597.5242012249115
592.2294488967145 277.4770237052595
418.760101527465 254.79580933544298
683.6752661481729 664.9000180131386
319.45816925426504 764.2050405235117
352.80486302444626 935.4140863872358
445.90787615409977 765.0210176034946
624.27440989434 502.13431131286166
487.82308721098786 499.2184286660767
521.3693217877485 580.8457028808793
995.6391665266152 355.7382855297053
443.22175585859014 434.6474994471945
742.5613969064917 973.1591195293261
130.41289950178614 45.34164251917894
447.25093915593294 811.7799622383328
83.20988162486177 248.06847455813985
978.0092727762436 440.36006618427314
790.5194130881766 443.9232064707583
319.1968684225981 403.5429227863664
516.5204366016777 214.20391029924846
16.793215358319568 771.6343946345064
987.3612984456823 989.0007469768739
964.3025929050765 860.7485206258261
240.90116056055743 811.7537794463553
685.8013643786971 896.1187002229218
113.02923269786791 931.054907199442
112.72722269503987 900.1719425492338
364.79251644026357 802.7431373603534
663.1633126568997 847.8570168568202
394.2624563419239 854.6694328445676
699.2225268172377 402.57633558866314
601.244714608536 237.91082027591526
597.3744927068515 241.11402846441644
874.7772583826599 786.1007171330606
255.86905930143234 453.8150538298711
827.7069653300771 667.8725050285815
691.0157094926658 690.4036816466432
987.1116137010993 653.7038816533056
596.1591996293921 406.4636869643545
592.1730272185641 868.5786637050998
830.5713764041476 206.43876523642646
884.7309200102031 735.1145249700683
885.8538671021867 118.79186118144835
510.89465280660085 140.25003993293927
842.9362912290634 590.8827944562848
436.87158384309856 208.7485277802954
653.7533103563504 870.4164921625102
74.74380848725836 73.3398239354206
0.5653024564544751 627.1713473096617
717.7503963687114 962.4669418728644
59.330041660679235 423.0735140438401
328.5589225044097 742.1460392531759
416.3199673666426 533.6970982863866
467.0352808457411 434.74899417335166
249.85666293279118 48.192996130151485
569.2930199583203 703.8801452045125
843.7325596885261 416.17984240271556
694.3235491100623 102.25967141928938
2.870558441923632 876.5440563187565
191.0779052986662 641.8007825624968
792.8702622380255 36.673667377104316
199.46225247808303 305.1751756327883
293.4598049615508 355.089386011134
898.5735488004617 183.68333065471643
611.942214348466 294.91631282457996
385.30181723378223 39.00876274822895
605.2559433800084 110.23277986796198
745.1287832738296 494.2477921834615
126.74077154187336 936.2491245741821
985.4617207161988 202.66082911561202
944.211277343606 492.0834849066397
355.12753131981003 373.33726822532964
62.99758113794407 797.122022431987
171.95382735494647 273.6581871460886
137.51896598332613 219.5513929339151
62.45079378858953 462.42473789418534
144.2735362652602 146.9074209925214
582.0040612370606 342.59047247098084
450.567348144159 757.430068206818
62.51580508815935 674.7847299995989
47.684494203497295 943.7209709007825
907.9137896573047 88.45691797749755
432.7629955569995 581.721645099226
515.3313902175936 818.951610181657
236.66326157312767 742.4244467722335
797.5862037493675 643.288637770914
711.645500507148 446.30837408554424
