100 260 10
0 5
1 5
2 4
3 2
4 6
5 5
6 7
7 0
8 8
9 4
10 2
11 5
12 9
13 7
14 7
15 4
16 3
17 5
18 1
19 3
20 4
21 2
22 7
23 4
24 5
25 3
26 4
27 1
28 9
29 4
30 2
31 0
32 6
33 5
34 9
35 2
36 6
37 4
38 6
39 8
40 6
41 6
42 4
43 7
44 7
45 7
46 9
47 7
48 2
49 6
50 2
51 5
52 8
53 7
54 0
55 0
56 8
57 6
58 9
59 4
60 9
61 6
62 6
63 9
64 5
65 4
66 8
67 6
68 9
69 0
70 1
71 6
72 6
73 4
74 3
75 8
76 8
77 6
78 3
79 0
80 8
81 5
82 7
83 7
84 8
85 0
86 2
87 1
88 5
89 9
90 0
91 9
92 4
93 2
94 7
95 9
96 0
97 6
98 0
99 5
0 66 8.0
24 40 95.0
12 49 94.0
15 93 81.0
8 60 75.0
42 44 58.0
20 69 96.0
9 33 69.0
57 67 40.0
80 83 57.0
34 65 69.0
35 84 48.0
16 51 80.0
73 96 65.0
2 87 64.0
7 14 37.0
29 47 39.0
18 97 91.0
41 94 85.0
10 64 41.0
32 50 24.0
19 27 96.0
58 68 41.0
25 72 8.0
2 98 66.0
76 95 74.0
22 75 85.0
69 82 18.0
20 82 87.0
33 43 13.0
7 36 95.0
53 71 25.0
17 90 86.0
30 59 30.0
87 98 79.0
18 92 67.0
47 48 70.0
17 85 90.0
37 53 87.0
34 57 93.0
55 85 45.0
10 56 19.0
37 71 62.0
40 82 16.0
4 88 25.0
8 10 9.0
3 44 39.0
8 56 28.0
27 78 30.0
24 82 52.0
41 55 83.0
5 37 80.0
21 74 93.0
73 99 51.0
14 75 71.0
11 90 14.0
59 69 30.0
14 36 54.0
54 76 26.0
10 60 22.0
54 95 81.0
26 64 4.0
38 88 53.0
28 66 27.0
0 28 87.0
4 61 5.0
3 42 18.0
48 96 1.0
56 64 82.0
50 99 70.0
45 58 56.0
49 62 78.0
60 61 83.0
39 82 13.0
20 59 61.0
65 67 71.0
84 95 10.0
6 62 72.0
9 28 96.0
6 97 11.0
14 67 56.0
12 62 14.0
14 57 98.0
28 33 31.0
39 40 51.0
39 69 5.0
11 17 53.0
83 91 79.0
48 73 65.0
76 84 73.0
8 61 38.0
13 60 77.0
6 46 94.0
35 46 66.0
32 99 47.0
62 70 90.0
10 13 33.0
22 67 72.0
80 91 21.0
29 96 92.0
46 92 92.0
86 98 72.0
35 92 39.0
6 49 10.0
62 97 33.0
9 31 89.0
18 63 50.0
3 81 67.0
61 88 59.0
51 78 66.0
41 85 21.0
28 43 19.0
71 87 60.0
18 70 42.0
25 94 28.0
79 98 32.0
84 92 11.0
0 38 63.0
1 5 4.0
6 12 64.0
38 66 14.0
20 24 89.0
17 55 45.0
12 74 47.0
13 64 14.0
39 59 91.0
23 65 3.0
43 84 81.0
5 89 78.0
9 91 33.0
18 62 23.0
4 51 97.0
45 68 90.0
35 43 97.0
54 80 27.0
76 80 49.0
42 88 68.0
18 46 23.0
67 75 43.0
13 61 90.0
2 79 62.0
47 52 57.0
20 21 73.0
63 92 27.0
53 89 95.0
2 68 67.0
53 87 26.0
44 88 15.0
31 73 54.0
58 79 99.0
2 71 20.0
41 59 62.0
26 89 27.0
15 52 43.0
25 41 95.0
19 56 88.0
27 51 77.0
12 30 71.0
36 57 95.0
22 77 47.0
32 96 99.0
33 84 37.0
74 81 87.0
75 77 58.0
56 61 28.0
39 41 35.0
72 94 34.0
19 51 94.0
32 73 10.0
38 42 69.0
44 81 29.0
31 91 19.0
31 66 22.0
70 90 7.0
16 38 98.0
68 79 17.0
21 59 87.0
63 95 38.0
9 84 65.0
17 41 27.0
28 38 84.0
1 37 41.0
51 61 70.0
53 98 34.0
54 63 100.0
13 86 48.0
30 41 16.0
77 83 87.0
51 88 75.0
77 80 33.0
6 74 78.0
84 91 30.0
30 74 59.0
11 70 100.0
31 48 29.0
48 52 18.0
22 65 4.0
13 26 91.0
12 70 54.0
3 46 24.0
17 30 34.0
41 72 100.0
34 36 72.0
79 81 58.0
30 90 97.0
13 89 46.0
21 81 57.0
79 86 28.0
24 45 90.0
16 66 35.0
12 90 86.0
3 74 64.0
44 61 77.0
42 46 62.0
80 84 18.0
3 6 20.0
19 64 35.0
59 74 87.0
21 45 91.0
42 43 81.0
22 23 32.0
63 84 73.0
21 24 91.0
23 54 24.0
38 43 86.0
73 91 83.0
89 98 13.0
68 71 22.0
35 42 26.0
21 79 87.0
54 77 36.0
83 99 79.0
39 72 64.0
50 83 23.0
48 66 14.0
11 63 98.0
78 93 100.0
73 83 16.0
13 44 8.0
13 81 48.0
21 58 19.0
23 77 35.0
15 48 95.0
50 77 25.0
16 93 95.0
37 68 90.0
17 72 72.0
27 93 20.0
40 72 53.0
24 72 38.0
32 52 41.0
16 48 100.0
11 23 99.0
11 72 63.0
32 75 22.0
11 65 67.0
1 19 68.0
11 34 99.0
68 72 27.0
34 72 40.0
