648.278367051365 360.86753844436737
979.9543119370827 951.7132093279728
667.2398346895894 930.0392142565254
529.9945858203446 599.4747505366197
738.9746086107558 520.9612140546286
881.5072267146277 946.7045811756178
341.9591150542618 581.3667157108807
33.7772792040234 78.61085111589506
826.8867286964955 625.5543868322061
511.6588484171757 320.90709810372095
858.1113601132171 670.9395460536601
71.47455934042956 642.1008189820533
307.12787311326474 673.6909788897641
774.9976388808219 698.6604369697745
60.76458672588958 87.40714242160419
924.0374384785896 189.86632115167546
817.1669373705195 425.46966849309644
108.23187367012987 715.6152557025778
280.2221404865082 498.0303799689502
943.2807823993172 515.6662064955291
301.1516102618351 869.8915775281403
375.46943953778657 781.3672949985543
126.60535591220501 112.2406081383256
89.08159275829975 301.8949143706232
315.48062295264776 968.5227039314741
36.30138717981302 952.9030404135682
932.3691347455418 732.0924098634014
942.868525613095 480.639282334652
584.7489241747501 341.15640093154354
692.0814364228695 80.54839272594062
254.0033638742284 787.3232304919154
567.9732402878758 244.85525702588785
524.0334981747808 2.2166470917884817
505.44017912287796 335.65706185262957
9.283656848953159 205.73973483410646
400.3380684613308 428.46580179631354
21.11620062152597 37.791334425897325
835.6901320853946 985.5227913406402
677.4495926578444 454.92447873947185
234.38442821169468 935.7341503951212
308.97556032304396 966.8985076103866
120.66098882331244 861.2977806133626
576.0605412032398 550.0792500916126
494.72581622456636 376.9388992665905
571.4933204436337 562.9551358913044
487.0577902485893 935.1293309029971
392.978593590095 513.8331948897975
712.3799036844931 101.1017451339069
670.3256635332166 125.85232371442478
305.23831404579937 666.4274913742678
503.1741862200457 26.51204790832673
820.8344922340818 451.818220771656
827.0056464642174 112.24681084938281
813.6293048129007 940.0422197469416
286.8378705470319 317.2224257589478
86.42611827285585 813.8891742624438
883.2575873179971 625.1652361597969
37.399558739520835 162.34186689287412
545.7084392367603 974.0922521483562
240.14962922537552 830.738456111051
813.9757247432785 624.5290191448014
753.1563003460328 586.5872190801978
270.43095878066225 604.6276694977608
202.44710533838517 443.4472867675916
879.151504584702 693.438699974782
15.31628905707394 226.0066338821951
648.2436692344062 360.2263859467781
53.69341568798702 163.73508056244478
573.1049189625974 999.3722613626868
286.39995998550006 873.8039592453762
199.94072609726132 553.4325529631441
783.0279948131506 970.6066328485679
11.49733797370256 983.2753653809639
587.3877927605721 125.20138224965127
396.8723877460859 724.8965939196577
120.39063335594025 71.10450642542266
348.0389496311869 334.8760611487188
252.01335645119883 101.75386625639827
914.598915673593 430.9275935354611
579.0609061895316 856.5973194851848
343.645238774238 224.4916059943759
526.0390401360158 694.5891599252462
302.28774426933415 912.5100811754946
358.70745561345893 211.1851481834456
392.6297107143696 405.1072401471769
106.95535253382471 766.0152540887332
753.5125684475196 849.3370831830568
694.1315708632069 930.6251575366578
683.9219069756954 520.4603296625489
873.7416698730962 840.8821874175128
124.82581160650763 673.8281906290573
428.1435605054379 255.34331270359857
315.8425852050615 466.1394577390615
936.3605166382697 191.276670752486
93.83514644598267 874.0058901624291
327.0034633682595 368.9056632161268
605.5837369022569 105.57225452454621
302.4828193891833 516.4699624272499
670.9950649189632 890.3749105676441
539.2242989383471 86.66048197957343
