150 326 15
0 2
1 8
2 8
3 9
4 13
5 6
6 14
7 14
8 2
9 9
10 10
11 8
12 0
13 9
14 8
15 5
16 14
17 5
18 11
19 2
20 11
21 5
22 7
23 7
24 13
25 0
26 3
27 6
28 4
29 0
30 13
31 14
32 13
33 9
34 9
35 7
36 6
37 12
38 8
39 10
40 0
41 14
42 7
43 0
44 5
45 12
46 8
47 7
48 5
49 7
50 14
51 9
52 9
53 4
54 11
55 14
56 0
57 3
58 4
59 8
60 5
61 2
62 9
63 9
64 12
65 8
66 11
67 12
68 2
69 14
70 5
71 4
72 5
73 9
74 0
75 9
76 3
77 8
78 7
79 4
80 5
81 10
82 1
83 1
84 2
85 5
86 13
87 7
88 14
89 13
90 3
91 4
92 3
93 3
94 12
95 3
96 6
97 0
98 12
99 11
100 8
101 7
102 2
103 12
104 13
105 3
106 4
107 0
108 5
109 12
110 6
111 6
112 14
113 11
114 5
115 9
116 12
117 0
118 9
119 9
120 6
121 7
122 14
123 11
124 1
125 12
126 13
127 2
128 9
129 0
130 13
131 14
132 6
133 13
134 4
135 0
136 0
137 7
138 1
139 6
140 5
141 2
142 3
143 1
144 5
145 12
146 10
147 13
148 0
149 1
63 140 24.0
68 98 20.0
52 106 49.0
11 143 26.0
88 128 31.0
34 83 78.0
127 128 89.0
34 85 81.0
16 132 9.0
70 127 30.0
38 117 58.0
22 90 32.0
70 131 57.0
127 131 54.0
109 149 15.0
20 33 15.0
83 85 73.0
30 137 34.0
89 96 54.0
89 131 90.0
122 129 42.0
89 127 96.0
25 73 40.0
49 54 57.0
81 140 93.0
66 102 43.0
56 138 24.0
22 66 52.0
18 108 61.0
65 123 56.0
72 95 92.0
25 134 51.0
73 98 75.0
47 48 23.0
60 86 88.0
110 141 43.0
65 130 80.0
25 68 71.0
110 116 16.0
14 93 84.0
46 64 74.0
43 144 54.0
43 124 1.0
89 128 61.0
135 146 6.0
9 45 37.0
14 23 49.0
52 58 11.0
25 98 34.0
0 51 38.0
24 119 10.0
32 37 69.0
83 147 53.0
54 87 76.0
86 94 28.0
35 135 56.0
29 129 45.0
27 30 69.0
123 131 31.0
0 53 43.0
45 53 62.0
106 125 21.0
58 106 23.0
61 103 71.0
27 137 43.0
1 3 92.0
64 118 12.0
2 142 35.0
23 137 22.0
97 111 59.0
3 72 32.0
59 71 35.0
87 99 100.0
21 28 10.0
73 134 7.0
24 139 13.0
65 70 24.0
49 60 92.0
16 136 13.0
48 59 34.0
67 128 90.0
15 58 3.0
34 147 22.0
44 89 1.0
67 70 14.0
48 104 61.0
14 30 52.0
81 148 18.0
96 138 22.0
112 126 3.0
57 81 72.0
23 30 71.0
10 21 63.0
88 138 41.0
39 136 14.0
108 143 74.0
13 36 93.0
132 136 23.0
43 149 63.0
77 105 37.0
60 94 100.0
89 123 61.0
54 60 28.0
17 147 84.0
38 133 9.0
15 103 37.0
4 45 94.0
128 138 34.0
62 135 44.0
49 87 22.0
2 79 23.0
82 132 68.0
61 101 72.0
42 101 25.0
5 51 72.0
73 113 52.0
13 61 56.0
40 97 11.0
12 97 5.0
29 79 87.0
107 120 93.0
31 117 11.0
57 140 30.0
33 91 10.0
58 125 95.0
44 69 65.0
140 148 55.0
49 63 9.0
8 121 57.0
32 72 77.0
57 63 55.0
41 118 90.0
120 149 83.0
11 34 88.0
95 120 37.0
85 109 37.0
71 90 56.0
4 9 26.0
2 29 41.0
63 77 29.0
1 7 42.0
114 118 98.0
75 111 60.0
98 137 42.0
3 120 66.0
41 64 35.0
77 140 6.0
69 96 16.0
124 149 86.0
69 93 2.0
1 110 26.0
62 74 14.0
72 120 42.0
27 98 70.0
7 107 15.0
27 68 2.0
92 121 59.0
78 129 38.0
31 119 1.0
41 80 27.0
26 92 72.0
35 62 73.0
13 67 44.0
4 139 60.0
35 64 74.0
90 104 5.0
6 75 15.0
6 145 62.0
1 116 10.0
45 51 24.0
69 89 27.0
57 148 22.0
109 144 45.0
23 98 17.0
10 28 9.0
85 149 78.0
9 51 61.0
35 41 90.0
63 86 6.0
53 115 13.0
9 82 41.0
5 84 54.0
48 90 80.0
28 113 45.0
6 111 8.0
40 57 95.0
19 76 79.0
78 122 19.0
55 116 37.0
37 141 18.0
46 139 40.0
42 100 32.0
107 124 62.0
12 145 74.0
67 130 32.0
100 108 3.0
71 102 62.0
3 107 82.0
59 90 47.0
11 17 77.0
31 146 7.0
32 110 37.0
17 143 53.0
50 114 81.0
85 95 27.0
25 27 55.0
74 135 36.0
27 56 40.0
20 124 23.0
80 114 7.0
18 26 58.0
28 62 3.0
93 138 24.0
78 104 70.0
75 97 65.0
75 133 51.0
10 142 88.0
77 86 35.0
69 126 78.0
54 94 79.0
19 40 49.0
37 95 98.0
34 108 90.0
86 105 10.0
72 110 6.0
64 135 43.0
28 35 72.0
63 87 40.0
36 101 82.0
21 80 74.0
28 80 28.0
18 100 47.0
94 105 14.0
91 148 40.0
46 135 46.0
46 146 82.0
38 74 97.0
4 115 45.0
33 124 64.0
37 100 80.0
20 43 43.0
144 147 25.0
13 15 40.0
55 74 19.0
12 99 24.0
7 76 72.0
27 134 20.0
6 97 95.0
31 133 17.0
42 58 20.0
14 138 58.0
74 117 26.0
2 10 91.0
77 91 72.0
2 80 10.0
2 21 10.0
10 23 40.0
9 24 87.0
22 29 40.0
55 133 99.0
44 126 75.0
85 100 34.0
36 128 49.0
51 84 86.0
34 100 39.0
82 119 94.0
59 126 65.0
51 115 94.0
10 98 78.0
33 77 80.0
9 132 57.0
38 55 17.0
74 134 12.0
29 90 32.0
102 126 41.0
57 97 29.0
97 99 50.0
91 107 13.0
118 139 37.0
48 78 84.0
7 19 64.0
62 73 51.0
17 144 15.0
17 18 92.0
5 132 23.0
29 66 33.0
13 130 44.0
119 132 39.0
47 78 22.0
42 125 98.0
5 16 85.0
46 119 11.0
26 100 30.0
42 121 58.0
47 112 99.0
76 116 9.0
90 129 34.0
119 136 57.0
136 145 86.0
37 85 28.0
40 76 59.0
73 74 28.0
8 125 27.0
33 107 79.0
1 76 86.0
37 42 56.0
55 134 31.0
50 129 71.0
7 91 29.0
134 141 6.0
16 84 85.0
116 134 52.0
79 114 90.0
56 134 36.0
36 134 40.0
50 115 24.0
112 123 39.0
40 133 88.0
7 148 89.0
17 20 76.0
37 134 59.0
31 136 78.0
23 29 30.0
17 92 74.0
101 134 68.0
42 134 65.0
