72.8316118577742 186.21642647420123
704.0533661962091 487.38917795718373
114.28158509841302 704.5543915391249
726.0659001236545 520.9958183436908
158.62978707613672 270.0708342143603
78.72119881421047 91.62077616074026
462.31494370176216 113.05647297161147
683.7700636866713 415.5898686953409
983.6621399830669 982.615876712043
141.91553633632148 197.6748417291293
251.47135793856157 674.8858414340291
921.2190137058047 665.2257549541737
589.5119464488307 65.84335312693479
643.9873024225516 805.3723374559007
373.30272257924423 793.9018579499603
699.8446434640441 923.9707042843856
256.3405286891778 67.39157177239419
988.2254464133612 582.8567257816552
922.6460073873881 735.4592180598135
673.8168333721374 251.55270108255067
921.2874458428884 323.68565791106363
233.77627374380228 625.1121771553336
181.51011313378675 843.756430008277
368.8075793033915 762.565177652862
275.5654208164956 262.1262069703824
416.1722976569352 647.3953895253194
923.2409822759652 848.9222833173449
450.464726927416 750.892050772143
248.95234006658396 582.6377989098611
60.438372328364466 756.0023424116007
420.2891654565213 774.2592619707265
337.1196299154756 327.3960587253619
704.8982407944762 605.8797339761063
923.1003456351427 304.0438829856499
893.5622914525275 597.8407043734989
253.92613109301865 459.95641808367446
615.2970644518377 756.7514158350336
692.2697796595648 640.0893677920886
416.3014790570085 333.8502482546967
304.17365460457125 1.2462926977354627
660.2415928012165 131.749741357046
164.6624724425031 484.568261153821
791.2876980446646 819.6936045525013
883.0588644779453 448.0747601182844
477.26714232060516 937.5762778948974
121.84256680971073 221.10562091606846
187.72695817668506 381.16880892064563
122.68495290601855 973.2337583472845
131.35840123509158 946.2730985129617
805.4606867634322 47.55284884983879
16.70968812711804 551.7528566661807
60.95496763482389 153.18259860857552
751.6518045276929 978.134189269177
83.29617292466607 223.00170386029328
786.3333730945553 32.19722881318976
531.0803473174578 446.5007389867702
526.9426963597404 830.4815497042124
753.5268010257042 95.7538721703367
742.5044378794373 946.8343030529221
173.73434731775828 968.275340790078
845.6052052247028 22.799420554672658
689.5261967030195 850.7398500014665
330.9067614710007 503.7224549658121
822.1391850197766 114.00796987541939
178.35290147188198 409.7313763698308
580.4192991494522 949.4515995492437
206.05453776061523 852.4425415981018
584.2857334925314 870.9060280381665
413.68230395343676 676.707890434014
428.887802818252 889.4813194841279
554.0335851725873 910.7900069951842
200.4375402260452 933.7772043130071
752.1221121749069 554.9986334566785
393.50798140590814 656.3084930316913
400.77143693536874 461.47188240285607
499.4157710699724 196.03539032322925
597.3974448547498 316.13945227791476
887.2966075479785 150.11459431899132
4.722918393881836 841.9078365889711
53.3800086479943 690.5875270753244
124.63763877632483 563.2017858806892
795.4729584246163 127.41465174826416
209.6385074795063 127.66609719554567
900.9522463498702 589.2443051645615
42.94956477667367 0.9454711064701415
880.7976388386357 591.7555443387763
872.1621389608496 33.634481476374155
755.339015441083 10.848405577448371
530.2270082379124 886.1206609863904
517.852845445894 909.7484986703755
181.77684238439485 862.5928641061604
857.2122344801201 288.60237056933755
998.275539065834 895.6902180833199
389.2096070143459 818.819727568132
903.0534905504605 12.077757349233886
779.3439973274523 555.760821735472
507.7693956300725 890.9114462549986
595.7574371176958 131.26197131143914
408.7744354665832 679.8088204394996
711.5726799935325 17.80821128668697
796.621826369057 717.5672928517663
729.7515634337245 802.1539168511434
218.17525836234876 830.1295327997708
725.5223588103288 868.402480075701
101.76742948114193 905.4634707056468
942.9446903644997 133.03515804159417
750.8968296879493 985.8702464443102
765.9618895232043 422.8875886841381
901.3451382255842 719.3464481013604
870.648030779913 519.0472234231087
633.3155231229866 527.0178462849996
555.7793985245778 146.45225818734332
305.2314714412111 996.4331377714062
338.5985555843264 623.2391530173546
75.86413031210503 461.86716912585877
34.808019706581646 305.9525998887452
614.4679388035914 504.249350284117
403.97638899271936 322.22400666951535
137.2658693362826 418.6904057582318
308.263814603903 246.85974134521848
792.0408640167834 483.5265666495503
928.1564951816947 941.1742162186584
8.679517392875201 741.3048556688202
554.2653958799655 955.5598221021068
868.3718614546442 421.36111762578065
788.9635754593581 996.7412938682374
327.43236323442113 949.0731206728107
540.7000184224702 901.9266788806473
539.4974624649157 888.0808571947532
22.8074054098909 759.3686603444356
596.3162940960822 973.6753915992649
537.6254529089871 921.194341319295
250.66341378347767 80.48324600431944
471.76729366884706 308.980202993772
422.8502875481025 620.9642354005802
291.4714388270374 455.9271804571595
302.5047940535753 56.37716578818252
410.60786863595365 755.3423870163329
502.341902276149 838.9406669724684
244.35033835201514 296.1266022056693
817.8471800527352 116.22927430082808
634.7357563251047 555.8911234455159
148.0210696573937 729.862984837311
927.2596773305629 670.334240586609
911.0466227357516 436.6706489864913
493.43130537691593 27.446800452898934
306.81308610484 429.16765389090074
930.3188696445814 565.7363263972202
791.2646952905662 179.07296389482164
861.9969457620897 501.3563121178851
