100 230 10
0 8
1 6
2 0
3 1
4 9
5 8
6 0
7 0
8 3
9 9
10 4
11 9
12 9
13 6
14 7
15 5
16 9
17 7
18 3
19 0
20 0
21 6
22 4
23 6
24 8
25 9
26 0
27 3
28 2
29 1
30 7
31 1
32 3
33 4
34 9
35 3
36 0
37 5
38 2
39 6
40 2
41 6
42 8
43 9
44 5
45 6
46 0
47 3
48 8
49 7
50 4
51 0
52 3
53 2
54 2
55 6
56 1
57 4
58 4
59 9
60 2
61 1
62 6
63 1
64 8
65 5
66 3
67 0
68 9
69 4
70 8
71 5
72 8
73 8
74 8
75 8
76 0
77 2
78 3
79 0
80 4
81 9
82 0
83 4
84 3
85 0
86 1
87 5
88 3
89 9
90 4
91 6
92 3
93 0
94 3
95 6
96 9
97 7
98 1
99 1
9 44 14.0
13 18 73.0
5 41 55.0
5 11 78.0
43 60 54.0
4 80 18.0
29 70 79.0
49 83 48.0
74 84 67.0
6 36 74.0
1 15 98.0
31 70 19.0
13 21 4.0
21 60 66.0
17 31 37.0
12 47 81.0
25 48 100.0
71 72 36.0
29 95 88.0
7 65 79.0
11 83 81.0
58 94 31.0
39 77 33.0
6 94 70.0
58 91 7.0
17 43 9.0
53 87 4.0
85 96 94.0
23 93 49.0
76 77 81.0
20 50 22.0
0 16 33.0
28 97 64.0
70 95 29.0
4 19 20.0
28 32 96.0
22 78 97.0
2 82 28.0
40 53 39.0
54 85 74.0
8 82 69.0
30 69 70.0
36 94 61.0
61 82 93.0
50 57 43.0
8 61 44.0
24 56 43.0
11 49 6.0
54 63 71.0
14 35 64.0
29 43 35.0
33 55 21.0
1 12 93.0
9 52 94.0
3 34 44.0
55 86 7.0
19 80 9.0
40 42 44.0
15 47 53.0
56 90 52.0
69 81 68.0
37 95 20.0
1 47 99.0
63 76 72.0
61 85 32.0
59 79 81.0
31 43 22.0
31 95 88.0
20 27 63.0
54 96 25.0
20 57 4.0
36 58 96.0
44 52 85.0
35 66 72.0
35 69 95.0
38 45 34.0
46 67 33.0
73 81 81.0
30 39 9.0
11 71 24.0
9 62 47.0
13 84 4.0
18 84 59.0
44 62 87.0
60 84 94.0
19 30 18.0
10 47 40.0
7 88 67.0
45 97 17.0
30 81 81.0
27 89 23.0
6 72 56.0
3 59 28.0
33 97 19.0
51 67 60.0
51 88 22.0
41 71 87.0
55 97 99.0
0 78 8.0
32 97 4.0
46 68 21.0
20 64 56.0
50 64 74.0
83 96 28.0
67 88 97.0
19 69 33.0
26 51 41.0
16 33 56.0
26 75 7.0
16 78 95.0
64 90 28.0
60 74 69.0
14 66 55.0
49 79 18.0
66 73 55.0
43 74 71.0
87 92 48.0
3 86 21.0
35 73 48.0
54 76 70.0
34 86 67.0
49 96 10.0
98 99 29.0
34 55 89.0
62 64 55.0
52 62 61.0
14 69 88.0
18 65 3.0
20 90 95.0
33 78 43.0
41 61 32.0
34 59 90.0
5 96 60.0
28 33 96.0
5 61 99.0
1 27 73.0
68 98 55.0
7 18 60.0
17 74 72.0
0 92 90.0
0 24 31.0
6 49 14.0
59 63 64.0
39 46 76.0
24 89 47.0
79 96 2.0
20 89 27.0
49 72 75.0
4 69 15.0
0 22 30.0
5 85 72.0
8 81 94.0
4 14 66.0
77 81 83.0
54 77 11.0
39 75 69.0
68 88 83.0
22 33 63.0
63 79 51.0
16 92 75.0
25 38 77.0
41 82 75.0
59 76 81.0
31 74 1.0
26 67 35.0
19 46 100.0
81 85 64.0
22 86 34.0
56 89 58.0
22 24 68.0
46 80 42.0
46 88 66.0
45 91 31.0
34 91 97.0
34 45 37.0
1 57 1.0
22 26 92.0
30 46 9.0
54 79 21.0
52 65 32.0
48 93 62.0
59 77 91.0
7 68 49.0
25 91 23.0
18 98 45.0
42 92 68.0
15 57 40.0
3 26 99.0
29 44 81.0
21 44 20.0
23 48 40.0
32 42 90.0
84 98 97.0
56 62 15.0
36 48 57.0
7 52 65.0
28 92 61.0
39 59 86.0
68 99 71.0
52 56 96.0
0 89 9.0
74 98 23.0
66 82 24.0
34 49 5.0
22 52 74.0
62 95 85.0
26 39 9.0
71 82 33.0
6 34 23.0
28 42 22.0
3 39 72.0
18 52 64.0
29 62 66.0
2 66 96.0
7 26 93.0
18 68 30.0
10 92 28.0
12 92 84.0
10 87 55.0
25 32 3.0
10 40 100.0
47 92 64.0
64 95 46.0
32 48 96.0
57 95 46.0
36 93 94.0
0 12 91.0
42 48 89.0
23 40 27.0
15 37 83.0
