309.6106165967678 567.3497378024606
178.5143158960849 939.7192409281166
746.1986959910577 17.961340442558704
530.9290995433746 354.39471229685273
950.279487267324 392.3688477418754
611.7466797490036 59.41704359620148
455.65592612119997 81.47029900223379
801.4422958162585 723.5155813382912
772.0905819633138 109.31189887892445
602.5599622424808 813.8769507441925
50.23344993892975 874.5769549579649
596.7104811655685 73.36666431664851
129.50343927970786 909.2876542934118
828.3062209171112 855.2889210271804
988.3573127056634 258.3050144717085
166.24440736330726 964.0200820884111
313.0883722165674 521.9970842651178
816.7680634949012 952.8772596613959
834.3288927283661 838.3302134495343
908.8877549296435 371.3567499447664
346.10187102079516 863.0620453277745
802.5453343307529 869.3508589259428
445.7272135009878 581.8568939300104
30.665656326109627 72.56499652526239
328.52320849869795 687.9500801496125
230.05092347595792 108.02659330987564
614.2201058399979 532.153102761355
271.7307194712215 867.222423285127
272.21694882868906 413.65602690529136
773.7680943538661 937.7374087023287
845.1044875980293 314.3864686129566
798.4985250037921 977.4887152824035
224.59061639708344 416.1613626019294
381.9078547287773 453.64734077392757
477.79506674176866 325.2994617175753
939.2712897177395 230.1067324289401
435.7637740869611 63.47564197180833
689.2067393738823 972.7178994785122
243.69091550270704 255.97688822940378
785.6185242649522 366.18277735621285
15.745502441163906 557.5524454125182
622.1067642056 42.086887750547255
42.0184418392987 501.9507355395064
823.7731298407158 910.6014667191886
609.827705999887 829.0707686652524
303.91908303249426 305.9690726768125
812.911269804746 488.31169103846173
111.60033591662032 934.6896380994787
228.09774751738667 75.35474349334348
572.6426991526346 118.96697783746635
379.3055424361506 894.1040095814891
686.0176445661237 596.2728680643128
593.493442717916 754.3458451493061
58.87442611131944 579.8662815278685
734.7177859116215 196.12590531217967
405.02151976021685 401.2582421834672
378.9456419513417 697.7842880171705
354.1307413440431 938.2829607771067
393.0388164253642 126.0299800289444
584.0034741036897 281.29026916473254
825.2118036092403 889.7498832570609
726.3764160260246 86.1825596651562
528.6232982636631 842.1282032455016
700.6739792888469 240.91316405076844
423.658643369598 812.3507969253418
774.707049166804 745.044104020169
971.6098326196059 160.53356411027485
763.696878629218 549.2848215491831
876.344476406108 555.8511075677366
880.4372878939881 279.69265091301276
778.2210315177307 958.8255164394309
532.1325302886191 27.887447134174458
505.59062491209573 6.473488013680306
871.427975154723 150.9848191179094
923.4693761527894 893.7252924816048
693.3480122908823 475.5485819977783
731.8607976182435 300.9611341622541
758.8910331999873 335.86965831996565
401.1976396874335 563.9517038443759
556.9744282410862 217.31433107948695
953.3769883438423 413.5107946056682
846.622317214165 225.7180019349494
769.8838117430164 60.17685606970613
591.8983083505962 107.85151481833233
906.6307296586825 873.605473284092
712.5659459795743 152.77173768540243
459.1403082784626 428.6456967483748
101.5991670328632 571.2505418775366
763.3505908520635 643.8430262705061
245.61492677769093 781.8746297811318
346.5870726276805 751.7391729855283
405.7726616037564 166.73238276966407
195.16815962132728 609.8144049101974
50.957045059992545 33.36654598953071
430.81588806778126 113.75129739773249
739.7814604254382 933.52757906799
669.2100156910318 160.2409836305132
313.718249278524 393.78738449420916
913.6482624864457 669.1019761149872
979.2026654897912 751.3428248676786
