500 1075 30
0 9
1 22
2 0
3 13
4 6
5 12
6 16
7 28
8 8
9 15
10 3
11 6
12 6
13 9
14 20
15 6
16 7
17 15
18 6
19 24
20 13
21 18
22 9
23 25
24 16
25 2
26 13
27 5
28 12
29 0
30 28
31 20
32 13
33 25
34 29
35 11
36 9
37 27
38 16
39 11
40 8
41 9
42 17
43 20
44 9
45 27
46 11
47 2
48 4
49 20
50 6
51 21
52 23
53 15
54 28
55 5
56 7
57 7
58 12
59 1
60 11
61 26
62 11
63 12
64 3
65 9
66 2
67 25
68 18
69 16
70 9
71 1
72 25
73 17
74 20
75 23
76 23
77 6
78 27
79 2
80 4
81 20
82 20
83 13
84 23
85 23
86 28
87 28
88 25
89 7
90 7
91 17
92 2
93 0
94 12
95 24
96 16
97 19
98 13
99 14
100 7
101 11
102 27
103 3
104 22
105 22
106 21
107 24
108 21
109 19
110 4
111 23
112 5
113 22
114 28
115 26
116 15
117 20
118 29
119 14
120 0
121 24
122 16
123 18
124 3
125 4
126 6
127 20
128 15
129 22
130 24
131 20
132 11
133 3
134 22
135 5
136 6
137 24
138 21
139 10
140 10
141 1
142 12
143 4
144 24
145 19
146 1
147 28
148 21
149 21
150 17
151 9
152 28
153 3
154 20
155 25
156 12
157 2
158 4
159 15
160 1
161 1
162 8
163 28
164 9
165 16
166 22
167 2
168 12
169 28
170 15
171 15
172 8
173 25
174 17
175 25
176 7
177 2
178 22
179 3
180 25
181 11
182 26
183 9
184 2
185 29
186 21
187 22
188 15
189 22
190 26
191 6
192 12
193 25
194 2
195 9
196 16
197 13
198 14
199 10
200 9
201 24
202 13
203 14
204 14
205 4
206 16
207 28
208 7
209 18
210 22
211 15
212 5
213 3
214 0
215 2
216 28
217 0
218 15
219 28
220 17
221 11
222 21
223 25
224 29
225 5
226 2
227 25
228 18
229 17
230 2
231 23
232 11
233 11
234 15
235 13
236 25
237 5
238 28
239 22
240 23
241 18
242 24
243 16
244 8
245 26
246 27
247 26
248 26
249 9
250 22
251 5
252 0
253 12
254 17
255 14
256 20
257 19
258 21
259 23
260 26
261 22
262 28
263 4
264 29
265 16
266 3
267 13
268 23
269 29
270 11
271 15
272 28
273 21
274 23
275 0
276 24
277 14
278 27
279 4
280 14
281 15
282 28
283 12
284 12
285 6
286 17
287 7
288 19
289 23
290 24
291 4
292 2
293 21
294 2
295 23
296 20
297 23
298 25
299 29
300 20
301 21
302 28
303 14
304 11
305 8
306 6
307 3
308 11
309 3
310 12
311 4
312 14
313 26
314 19
315 8
316 5
317 3
318 22
319 4
320 24
321 20
322 27
323 21
324 29
325 17
326 27
327 10
328 16
329 15
330 24
331 28
332 21
333 21
334 19
335 2
336 15
337 14
338 11
339 10
340 22
341 12
342 13
343 27
344 23
345 12
346 25
347 15
348 3
349 16
350 6
351 16
352 26
353 7
354 2
355 0
356 24
357 10
358 12
359 13
360 2
361 13
362 7
363 21
364 2
365 29
366 27
367 22
368 22
369 13
370 2
371 24
372 23
373 15
374 6
375 14
376 12
377 17
378 26
379 19
380 13
381 4
382 25
383 13
384 28
385 10
386 7
387 22
388 29
389 4
390 11
391 17
392 20
393 23
394 9
395 23
396 1
397 9
398 7
399 17
400 13
401 12
402 0
403 1
404 13
405 9
406 3
407 13
408 1
409 0
410 7
411 25
412 29
413 16
414 8
415 22
416 22
417 1
418 14
419 13
420 29
421 6
422 20
423 16
424 5
425 9
426 8
427 20
428 23
429 7
430 15
431 8
432 2
433 16
434 22
435 27
436 12
437 2
438 28
439 6
440 11
441 20
442 7
443 7
444 4
445 10
446 3
447 16
448 20
449 6
450 2
451 10
452 25
453 7
454 3
455 11
456 19
457 28
458 10
459 10
460 10
461 17
462 22
463 5
464 27
465 25
466 15
467 14
468 24
469 23
470 27
471 15
472 28
473 0
474 1
475 0
476 21
477 10
478 4
479 9
480 21
481 1
482 22
483 23
484 27
485 16
486 10
487 2
488 2
489 9
490 8
491 17
492 2
493 2
494 20
495 4
496 18
497 5
498 11
499 3
477 495 18.0
71 198 81.0
102 352 98.0
36 205 9.0
159 263 72.0
36 390 94.0
211 263 3.0
165 257 84.0
17 276 22.0
390 491 9.0
106 260 70.0
126 499 28.0
94 119 3.0
201 390 18.0
372 450 13.0
336 473 58.0
159 211 52.0
34 278 69.0
219 335 12.0
66 406 13.0
69 468 11.0
443 476 73.0
124 386 87.0
436 480 16.0
165 424 25.0
67 81 3.0
234 497 1.0
242 329 71.0
198 293 62.0
200 326 95.0
214 362 39.0
307 480 30.0
15 100 17.0
5 287 16.0
344 409 30.0
17 170 34.0
186 256 16.0
26 73 72.0
275 337 75.0
215 448 95.0
199 249 20.0
279 379 74.0
325 366 69.0
125 489 83.0
36 201 7.0
22 136 86.0
258 453 66.0
71 293 25.0
406 462 51.0
132 372 2.0
215 277 95.0
175 311 21.0
255 443 19.0
385 471 83.0
208 393 20.0
62 283 69.0
296 404 57.0
69 90 33.0
92 194 67.0
137 347 90.0
103 438 28.0
343 375 53.0
342 469 49.0
16 299 46.0
201 205 21.0
115 283 35.0
2 262 12.0
340 349 5.0
194 434 62.0
25 201 80.0
75 233 100.0
280 335 56.0
414 464 56.0
190 310 62.0
324 487 36.0
120 407 49.0
185 300 49.0
131 315 65.0
165 490 28.0
66 462 70.0
226 451 92.0
210 362 76.0
273 448 35.0
447 457 17.0
231 345 31.0
90 468 79.0
280 367 69.0
54 248 78.0
68 356 93.0
134 477 93.0
121 153 76.0
51 338 58.0
50 87 34.0
122 182 78.0
177 248 27.0
445 492 79.0
180 342 99.0
114 174 21.0
146 183 40.0
8 108 90.0
23 330 88.0
8 27 19.0
335 367 55.0
241 355 49.0
275 405 59.0
46 250 61.0
311 337 97.0
148 171 27.0
12 228 75.0
101 109 60.0
426 459 15.0
229 376 22.0
149 465 4.0
46 152 75.0
55 184 59.0
58 230 54.0
152 258 17.0
234 251 47.0
424 490 8.0
23 364 66.0
70 371 49.0
103 244 76.0
327 428 5.0
168 192 42.0
11 88 35.0
417 434 98.0
8 164 3.0
114 300 77.0
5 204 47.0
276 375 60.0
39 389 57.0
76 122 92.0
11 388 17.0
0 320 81.0
392 435 67.0
334 495 11.0
64 221 87.0
227 279 17.0
240 323 30.0
286 423 7.0
143 355 37.0
293 454 76.0
288 304 10.0
216 361 22.0
18 327 21.0
16 262 32.0
180 469 86.0
49 202 7.0
171 476 72.0
113 297 15.0
174 204 38.0
76 178 72.0
224 498 1.0
168 419 62.0
15 169 37.0
18 167 5.0
268 394 94.0
1 247 17.0
108 364 2.0
145 226 93.0
429 456 62.0
429 450 60.0
319 440 90.0
101 325 5.0
26 33 43.0
51 166 62.0
4 293 62.0
129 441 3.0
79 110 61.0
39 77 36.0
252 305 25.0
89 445 81.0
88 391 88.0
317 412 79.0
302 416 8.0
81 239 22.0
69 190 50.0
262 299 58.0
206 397 71.0
29 187 9.0
0 497 63.0
64 103 50.0
360 463 44.0
161 195 85.0
238 261 86.0
74 130 40.0
159 384 69.0
287 295 35.0
8 416 85.0
30 257 12.0
150 340 81.0
374 419 32.0
235 272 77.0
246 453 24.0
35 487 2.0
177 398 19.0
1 297 87.0
181 439 79.0
110 452 33.0
22 120 39.0
282 309 83.0
14 213 37.0
263 384 50.0
178 423 16.0
88 344 22.0
91 370 24.0
202 444 92.0
323 361 53.0
181 478 22.0
55 478 32.0
180 291 25.0
162 169 94.0
135 392 51.0
41 346 1.0
234 320 4.0
52 420 54.0
193 306 18.0
53 435 61.0
78 161 100.0
133 385 97.0
326 332 92.0
109 366 69.0
216 353 92.0
172 427 95.0
81 270 51.0
405 407 15.0
30 388 45.0
58 178 9.0
4 454 3.0
342 432 1.0
152 250 98.0
354 489 44.0
249 295 34.0
158 314 85.0
266 356 77.0
160 417 30.0
66 118 16.0
124 310 70.0
93 135 90.0
3 132 91.0
109 325 99.0
112 461 73.0
120 136 62.0
170 343 88.0
304 481 54.0
40 479 70.0
28 149 20.0
429 437 73.0
57 195 43.0
376 377 72.0
39 68 32.0
71 408 44.0
152 453 63.0
151 264 33.0
158 405 9.0
10 86 35.0
145 498 86.0
274 347 15.0
131 150 5.0
87 289 75.0
276 343 10.0
326 382 16.0
4 253 15.0
217 442 13.0
15 162 75.0
49 407 68.0
144 401 35.0
4 198 99.0
402 467 13.0
27 416 20.0
223 291 52.0
221 493 6.0
152 426 70.0
180 486 87.0
235 432 58.0
408 454 80.0
73 381 47.0
33 73 40.0
237 251 75.0
85 199 26.0
225 461 81.0
140 460 4.0
367 425 75.0
53 403 87.0
97 331 18.0
313 401 31.0
39 266 72.0
371 455 45.0
31 356 71.0
235 380 32.0
12 128 71.0
42 492 25.0
220 420 11.0
93 193 94.0
300 307 38.0
68 329 28.0
163 381 86.0
85 465 61.0
95 353 15.0
80 245 71.0
275 407 43.0
162 458 47.0
123 267 87.0
189 290 14.0
403 435 79.0
205 479 1.0
74 401 96.0
280 428 12.0
203 245 42.0
269 349 45.0
156 231 63.0
280 425 40.0
294 410 92.0
39 356 59.0
322 463 25.0
64 336 11.0
281 295 2.0
157 295 2.0
239 270 16.0
379 386 6.0
208 363 37.0
125 354 5.0
0 421 57.0
219 428 55.0
76 182 95.0
90 190 24.0
147 411 47.0
128 228 17.0
265 466 88.0
314 409 32.0
67 270 25.0
40 397 42.0
301 456 50.0
104 126 56.0
72 111 12.0
313 397 60.0
35 251 60.0
91 157 31.0
77 389 30.0
352 431 17.0
183 239 84.0
258 426 90.0
181 189 35.0
68 242 74.0
188 493 27.0
119 363 80.0
174 300 29.0
38 312 64.0
368 409 26.0
331 353 78.0
294 318 3.0
271 482 21.0
6 236 18.0
84 140 85.0
156 345 7.0
233 350 91.0
54 71 98.0
11 391 41.0
46 383 54.0
145 451 82.0
213 354 86.0
102 431 80.0
74 144 12.0
332 382 37.0
54 198 88.0
14 95 71.0
388 490 79.0
163 472 26.0
384 418 26.0
62 223 93.0
113 146 39.0
288 401 30.0
252 362 86.0
30 424 100.0
196 485 42.0
157 249 72.0
164 278 46.0
40 206 66.0
265 311 28.0
63 433 100.0
2 299 14.0
50 289 22.0
32 456 10.0
251 320 97.0
145 163 51.0
120 405 37.0
351 380 62.0
316 333 46.0
102 360 97.0
49 120 90.0
62 188 48.0
149 236 2.0
363 400 30.0
21 435 84.0
285 360 76.0
31 415 32.0
146 297 73.0
56 255 49.0
11 344 47.0
94 446 3.0
105 272 65.0
20 223 32.0
158 275 68.0
163 224 88.0
273 359 12.0
150 315 82.0
7 61 77.0
133 471 15.0
199 287 46.0
63 80 23.0
82 87 49.0
270 411 15.0
243 425 14.0
58 76 16.0
174 465 30.0
196 466 52.0
24 358 15.0
173 222 100.0
244 377 36.0
212 220 7.0
141 247 26.0
384 455 87.0
168 230 77.0
254 427 73.0
392 403 51.0
285 463 36.0
185 436 66.0
79 471 8.0
9 154 11.0
38 271 60.0
158 337 70.0
116 312 31.0
48 220 5.0
59 83 7.0
267 472 26.0
128 383 30.0
155 355 72.0
31 68 6.0
37 265 84.0
432 469 9.0
191 268 45.0
189 369 88.0
261 460 12.0
143 155 97.0
240 361 7.0
16 74 21.0
64 244 16.0
98 440 68.0
110 385 62.0
38 116 50.0
84 313 24.0
16 130 35.0
54 253 27.0
174 287 8.0
393 446 68.0
21 442 28.0
140 261 70.0
341 357 6.0
21 228 67.0
58 423 53.0
10 187 48.0
8 330 8.0
71 177 92.0
93 392 89.0
49 444 11.0
94 363 64.0
117 259 15.0
237 430 99.0
52 220 66.0
303 479 99.0
221 336 62.0
104 395 65.0
142 186 23.0
305 362 64.0
414 433 32.0
56 286 89.0
460 473 94.0
269 315 41.0
374 387 88.0
117 382 38.0
209 440 56.0
37 63 2.0
192 374 47.0
89 437 22.0
130 288 70.0
291 486 65.0
359 467 15.0
284 483 48.0
127 186 1.0
33 422 2.0
107 474 70.0
142 431 36.0
94 424 14.0
70 96 86.0
181 290 79.0
218 442 42.0
452 475 98.0
145 494 25.0
321 323 71.0
250 422 3.0
269 340 44.0
363 393 85.0
243 484 62.0
65 412 23.0
343 440 95.0
42 445 86.0
10 400 86.0
305 474 60.0
121 420 27.0
346 352 54.0
55 439 33.0
430 444 96.0
47 399 67.0
73 224 70.0
43 334 11.0
138 160 51.0
55 181 65.0
304 350 2.0
364 416 22.0
366 462 56.0
26 422 28.0
145 224 38.0
250 253 46.0
6 154 83.0
266 298 41.0
150 269 11.0
151 154 67.0
244 493 17.0
203 348 47.0
413 430 16.0
378 427 22.0
288 481 34.0
219 327 5.0
148 421 18.0
35 237 89.0
85 174 26.0
250 426 95.0
83 190 14.0
23 72 4.0
322 365 29.0
93 319 35.0
156 425 76.0
315 483 49.0
318 446 89.0
118 171 45.0
239 292 96.0
209 319 56.0
18 219 31.0
3 59 15.0
3 222 81.0
20 470 49.0
189 478 82.0
214 227 30.0
211 459 2.0
391 424 90.0
204 295 74.0
451 472 12.0
218 496 50.0
83 301 90.0
159 418 34.0
61 415 68.0
143 299 19.0
94 393 89.0
82 269 30.0
179 268 15.0
256 366 51.0
144 397 93.0
9 151 46.0
147 233 50.0
95 365 59.0
48 169 29.0
274 348 85.0
231 428 17.0
38 482 18.0
75 139 7.0
173 358 15.0
228 442 80.0
129 289 68.0
179 394 13.0
147 395 91.0
11 314 78.0
339 452 38.0
237 497 86.0
221 260 69.0
225 439 83.0
105 449 99.0
86 172 69.0
96 137 92.0
121 207 91.0
449 457 30.0
139 482 83.0
182 196 46.0
84 261 3.0
72 166 23.0
58 122 58.0
126 284 98.0
127 256 21.0
105 457 86.0
44 45 94.0
162 167 92.0
346 431 74.0
60 475 52.0
102 463 14.0
125 213 84.0
99 229 41.0
19 183 83.0
433 464 48.0
59 173 49.0
60 494 28.0
21 217 72.0
290 338 85.0
210 467 63.0
45 317 53.0
49 136 85.0
2 357 10.0
57 468 15.0
328 378 85.0
172 378 74.0
339 396 89.0
231 327 19.0
178 182 65.0
32 429 4.0
20 106 32.0
388 391 83.0
469 470 80.0
210 273 60.0
159 459 59.0
141 402 75.0
216 331 62.0
387 414 6.0
369 478 75.0
158 311 28.0
236 465 81.0
71 398 62.0
103 336 34.0
20 469 8.0
107 305 42.0
34 240 73.0
260 312 35.0
197 404 13.0
73 163 61.0
58 168 41.0
453 459 73.0
43 463 25.0
286 449 49.0
28 85 89.0
246 383 51.0
28 399 41.0
45 118 22.0
10 29 26.0
2 201 43.0
139 233 6.0
252 474 2.0
95 216 28.0
98 123 95.0
227 362 82.0
207 420 34.0
282 497 27.0
176 281 97.0
425 428 34.0
30 86 17.0
283 376 79.0
111 259 33.0
207 303 57.0
176 204 91.0
116 473 8.0
107 277 86.0
290 439 78.0
9 206 31.0
383 422 99.0
122 196 46.0
9 238 2.0
236 307 3.0
245 348 34.0
13 450 5.0
115 223 99.0
350 481 32.0
337 466 38.0
218 404 91.0
191 394 95.0
252 386 72.0
214 386 75.0
6 264 94.0
79 316 92.0
316 488 51.0
203 274 38.0
205 397 16.0
203 433 48.0
24 92 44.0
245 368 79.0
397 401 61.0
240 278 40.0
31 61 53.0
385 475 35.0
324 430 32.0
57 90 24.0
401 481 7.0
278 330 32.0
156 428 24.0
48 52 8.0
321 331 81.0
285 431 49.0
120 158 92.0
80 433 58.0
263 455 29.0
275 466 76.0
395 411 17.0
90 124 93.0
134 240 100.0
131 483 98.0
66 171 1.0
130 304 29.0
328 369 42.0
96 274 95.0
204 281 39.0
413 444 10.0
43 365 38.0
285 309 83.0
112 259 99.0
272 469 32.0
210 227 5.0
325 431 52.0
179 454 56.0
494 498 44.0
101 309 57.0
80 368 39.0
361 477 68.0
333 339 35.0
223 486 58.0
232 308 93.0
115 242 88.0
104 284 7.0
24 194 93.0
88 368 41.0
174 199 7.0
43 495 31.0
37 466 50.0
37 80 17.0
331 361 20.0
351 432 47.0
7 68 69.0
270 292 57.0
145 472 67.0
236 436 33.0
50 402 26.0
65 317 49.0
307 465 78.0
151 238 60.0
114 176 26.0
124 252 29.0
189 328 99.0
81 297 67.0
142 366 5.0
91 396 40.0
285 325 74.0
243 367 43.0
318 410 28.0
201 357 84.0
228 383 53.0
365 463 89.0
438 473 79.0
22 254 40.0
12 93 16.0
356 415 95.0
359 402 59.0
311 368 57.0
91 249 50.0
55 373 6.0
16 25 41.0
62 376 5.0
141 227 36.0
84 238 77.0
34 416 100.0
223 493 18.0
61 191 49.0
117 326 67.0
216 365 64.0
137 371 33.0
153 154 80.0
91 199 56.0
140 473 43.0
7 351 85.0
59 450 99.0
284 395 71.0
123 170 49.0
4 426 1.0
73 248 95.0
89 429 69.0
42 489 42.0
246 459 7.0
70 232 26.0
424 446 49.0
170 267 94.0
216 495 66.0
33 170 93.0
79 333 69.0
171 462 98.0
153 220 8.0
166 290 99.0
4 459 90.0
6 149 65.0
50 129 21.0
63 464 38.0
217 403 93.0
218 296 11.0
466 487 69.0
19 44 5.0
168 414 79.0
37 311 1.0
102 285 56.0
309 421 57.0
67 395 11.0
189 338 64.0
43 285 27.0
18 231 83.0
255 320 49.0
206 238 48.0
32 57 95.0
67 247 73.0
366 431 70.0
169 436 46.0
328 338 18.0
134 361 24.0
91 281 4.0
457 476 20.0
30 427 55.0
49 487 82.0
45 412 96.0
211 246 50.0
55 369 30.0
237 282 80.0
56 457 81.0
59 456 72.0
104 233 60.0
105 470 97.0
11 158 27.0
127 161 45.0
282 421 65.0
241 299 81.0
321 332 77.0
22 158 23.0
0 148 38.0
43 134 21.0
38 139 26.0
141 467 53.0
118 412 85.0
136 254 58.0
83 173 79.0
57 190 51.0
343 383 16.0
48 219 73.0
32 161 33.0
130 350 63.0
44 127 72.0
246 442 10.0
0 443 59.0
10 119 19.0
48 367 34.0
19 195 17.0
58 485 8.0
13 492 50.0
191 415 57.0
17 422 85.0
115 389 38.0
254 378 57.0
50 141 87.0
23 166 29.0
153 479 78.0
141 279 51.0
197 218 30.0
112 439 32.0
41 78 26.0
35 430 28.0
87 269 54.0
296 496 83.0
77 99 70.0
13 89 90.0
107 417 69.0
54 73 2.0
87 284 87.0
99 377 97.0
26 54 94.0
321 326 11.0
354 445 50.0
28 199 85.0
153 206 32.0
109 421 17.0
294 393 24.0
65 447 3.0
255 457 63.0
93 343 48.0
276 383 1.0
398 471 73.0
292 411 8.0
44 317 34.0
155 299 95.0
254 388 16.0
182 466 43.0
13 445 61.0
354 365 54.0
171 457 54.0
73 267 50.0
24 138 80.0
168 423 49.0
126 130 11.0
127 195 12.0
442 496 89.0
153 303 95.0
233 395 84.0
123 440 69.0
129 349 88.0
20 221 48.0
47 244 29.0
312 336 34.0
99 283 76.0
82 315 47.0
72 259 80.0
380 449 14.0
352 365 90.0
185 458 11.0
199 488 9.0
411 482 61.0
107 362 95.0
263 371 82.0
60 133 28.0
357 479 65.0
65 470 56.0
154 206 12.0
60 498 97.0
272 470 13.0
238 473 48.0
30 254 11.0
111 382 28.0
60 339 40.0
47 264 100.0
340 441 42.0
166 364 2.0
65 312 38.0
10 378 54.0
387 394 48.0
283 389 65.0
155 357 8.0
282 430 87.0
159 394 3.0
242 486 85.0
44 256 77.0
241 499 17.0
57 83 91.0
191 374 89.0
402 441 86.0
107 434 18.0
286 320 98.0
86 119 19.0
16 397 88.0
91 488 53.0
6 153 54.0
52 484 64.0
116 139 50.0
133 248 62.0
19 127 63.0
207 484 83.0
90 113 81.0
203 414 32.0
72 278 45.0
41 186 16.0
116 140 22.0
436 458 2.0
45 366 16.0
221 312 80.0
274 414 44.0
26 253 95.0
43 282 71.0
111 278 90.0
107 194 22.0
347 387 47.0
103 264 98.0
273 441 74.0
347 384 74.0
168 380 85.0
113 195 30.0
129 269 41.0
306 403 77.0
266 316 27.0
113 279 93.0
113 379 34.0
123 451 79.0
89 346 31.0
131 155 36.0
72 290 40.0
111 332 57.0
92 107 73.0
187 369 50.0
271 317 95.0
50 67 24.0
67 87 49.0
75 84 46.0
99 316 41.0
274 387 67.0
134 413 88.0
136 364 50.0
71 471 71.0
420 484 79.0
275 487 14.0
173 190 98.0
16 126 3.0
348 368 67.0
191 192 97.0
4 159 14.0
51 254 41.0
416 444 12.0
356 408 21.0
63 168 76.0
1 279 44.0
47 199 61.0
191 380 61.0
134 430 36.0
93 383 9.0
166 254 82.0
286 487 53.0
153 236 59.0
173 252 99.0
96 308 74.0
65 171 79.0
117 225 84.0
191 454 79.0
254 328 76.0
79 408 100.0
68 351 100.0
197 232 77.0
159 454 37.0
84 116 63.0
20 65 11.0
200 331 16.0
348 410 31.0
211 442 73.0
6 47 45.0
78 89 15.0
207 357 79.0
339 488 88.0
368 446 26.0
197 308 45.0
65 106 74.0
396 488 32.0
339 494 92.0
10 369 35.0
96 410 1.0
202 364 17.0
264 473 71.0
263 296 20.0
72 439 9.0
211 296 83.0
99 199 55.0
48 484 91.0
44 271 14.0
365 445 13.0
160 277 15.0
60 248 27.0
136 166 29.0
160 215 69.0
19 482 24.0
176 396 57.0
42 331 22.0
232 263 92.0
274 410 55.0
13 24 83.0
308 393 97.0
19 271 41.0
341 484 22.0
363 369 65.0
138 215 28.0
24 42 8.0
184 208 9.0
55 208 82.0
341 441 63.0
97 373 58.0
