428.15696198521346 663.9535029410334
828.8989296107509 658.1268991334578
930.6568956876413 367.75408916233675
758.9896180143049 938.5011840938197
284.8878939808017 217.66989637301626
660.8930986108002 66.83740690297168
745.9480678755046 179.95063435492642
441.5537355785558 327.2228784918257
289.16046436916076 839.6737611794626
777.4966608273537 256.54208043524596
49.554415154874356 716.1987229011413
124.41105906325234 646.5812981715416
102.20915812993114 166.83071612149757
709.3964216686531 979.0412235083433
503.7045653892954 953.468809724931
794.8854208905478 56.664289556627836
901.3624057083515 383.8982669339488
158.7264079868672 85.82122743372977
878.0657741258193 9.415452073337715
724.6678060474935 684.4152656068504
575.1841829499157 400.55331131193907
64.65445393701307 185.92775819333252
247.76390580289365 720.8644576350678
243.52003350049733 849.3489681536219
891.6690303808939 990.3793723425059
882.3465912641169 319.6093074175354
238.9448141358075 101.17288576270522
304.40202291504283 844.9941237185473
678.6596837642503 159.30718050218718
42.107519133357975 771.1813885012616
105.24021978016296 680.9905285077147
418.0615716739388 270.34132542976295
700.6615615395812 853.2703865446517
218.09932597652536 98.0086697183441
318.6893453354889 880.7231739560274
370.74389902011507 653.6275553425058
896.6036468904813 313.91948664852623
262.01538719646464 562.4260474135216
668.0297830803916 468.78783078982866
472.8736326708637 241.36721279313446
853.619712763385 285.5047988050128
620.5297341638428 833.740449873437
618.4772833530798 986.2742379621344
443.56080331719363 838.6106618640988
656.9725458851862 661.0062185887078
606.7523425600696 650.9261433229004
202.2068487794093 189.01092478838956
616.3634779222625 223.0307822483678
823.5782651542808 107.27889866271745
275.05926558734194 672.2203251059299
903.0841171077598 640.0740210639476
149.1997757388851 843.7122808271705
875.6217695944143 137.4615185562117
28.358198526786005 197.87343126451228
284.2265384883061 170.58789921896178
22.97235965417521 933.1496842928216
453.03860491063574 591.2918243053967
734.2249317655749 788.6354764908295
378.75066719377327 530.9346167653293
789.1823705545165 902.337816392958
383.15769945925035 23.071420156391966
404.45525335161545 328.56955063998095
548.0555128677531 333.9121092831716
239.336732960439 527.1117577944792
664.3056745912589 342.04415891636273
599.9071212293898 534.0090344705907
552.1686828778571 670.2273208890894
797.9913628856793 610.9463196121735
456.62480805167803 264.23246656905474
793.0391162225665 800.4790424481115
123.08009341631609 373.62346339384067
308.1227542139593 195.95561349420998
209.45295358062853 880.9367976468093
247.60501032916315 96.90686281099036
862.1543201217343 389.08549309246973
764.9932163264813 468.68998753991576
383.9065567167338 568.1217776489335
474.10126723282366 219.7034764768133
694.489337747741 799.3986792249289
442.15071507551863 128.31269926927268
203.3084055343063 536.5092882163175
790.602302335694 607.4867695134668
913.746489394219 588.2392832000414
794.0249721164297 863.7587208460848
787.871437621794 360.0622635426404
648.9480696786801 112.95238301888355
74.99790980982901 729.1702229582255
906.7486035141404 624.925296297334
126.1799077324388 628.2158214213604
645.6017282389516 927.6595007764807
794.1459376125465 788.137322282932
568.2355225984085 57.577647746617004
919.96014694789 937.839675786248
51.68729089622737 123.62266936003519
42.778062787442785 634.3186337217884
472.26956637421733 937.3426197512821
131.53165765025875 416.5157225225258
434.53787537958834 995.782884397278
113.54324593915155 39.18613047039698
554.86294371365 232.98018200010472
789.1488133621644 49.49669466638085
520.0386726923226 745.1090257982958
547.5681324555599 836.1004418371427
660.9124922606635 319.5887687258824
844.6313049014864 507.4945896294819
509.8606118990625 490.1920003038409
628.1319175356894 395.36216990862283
982.4461449398015 848.7855486121209
273.9727792060296 834.3091044122469
515.4563755968765 728.52368106596
433.1126882311127 108.62998323779239
212.65435921740504 914.1782018333885
148.53162990858925 934.4862519153161
797.0723364937409 687.3474225393916
701.5388255546601 79.7035590657763
540.0277540210697 312.04241672877686
672.3147895770385 429.2545280481551
235.96035735769505 989.3792891377514
551.9793386308056 642.9188437475095
37.70585456697839 638.6645645682844
248.2321295582325 696.5463826821382
844.0706424283455 199.90556983569707
369.95945297352364 580.9182500662977
164.69658624758898 16.34450581003122
846.080544668157 820.172791736605
541.273663633627 975.6865141446121
876.1459582958315 497.0765898125177
639.3171021234167 736.9674785379887
132.4736886892096 165.55877732280265
971.0148594827672 659.283496164654
871.2990994168825 409.96155207515864
985.5761899923543 522.2205749907877
740.5167914880561 918.093091849342
375.2745779071158 113.30743093833651
369.0556398105662 854.3445732267489
24.779916261475464 129.02214835236924
258.84362407008035 722.0107513714171
181.41402340137057 409.9970336351484
978.2525368183766 997.7306448251329
734.0407877202402 507.14338042010786
754.1818225090694 368.56912369979955
850.6044441491852 700.9910767359817
588.2492918378442 775.2325226054631
952.7074283959978 413.28619389425523
858.3892441281025 354.0470428205963
296.89727502115414 30.01309780391437
772.5777813099463 661.8151920871461
785.4914980961572 521.2702097876563
501.56594666805955 643.9412440703635
691.6476163245985 134.90595889074518
993.2045171989469 549.7703484513273
731.1784156103943 242.8841091596231
202.06448195780823 206.52263631561263
838.2145679928326 214.25967654964862
770.2185416739424 218.81680585506302
992.169321481398 413.8681691218017
958.8033688330299 50.18681986716989
601.2843131121684 63.31118598784124
197.07669449078125 664.3924418563087
198.28180915975534 296.1967007423504
972.9724573656267 952.9140505107946
703.4643504842658 775.4919498440881
813.2889216424109 34.440374624471694
264.32777574348995 44.77201299621325
284.68994096125033 857.6944267713276
88.76544201786196 658.2038645680277
163.64372331139333 859.0968284740934
863.4183668567201 23.83612416748271
354.7430956318677 481.6113377220237
815.2143477869241 59.40854204647916
149.66146847551164 83.61508028405851
507.4686294528267 628.0875258896239
125.24012073000968 727.3378542410621
832.7435578344738 930.7588128840418
688.5631223650785 89.11897277419523
227.03153251917206 625.7779313469788
690.8235474602596 15.418709929809982
300.2713394912683 156.20934515001971
395.11846910892143 551.2670462312896
306.0191669703741 285.9804815927278
517.0323360428475 403.019904711261
63.61599424918929 913.332981987889
367.28568856030176 596.3065803133344
762.6962340046266 649.1381292088824
13.442568244716568 918.4382205316933
731.2499255102272 65.34059205950938
596.4642793877971 734.7302596602783
30.374059251350506 751.8037794862933
583.7630943481478 340.24570939661703
71.88346431829306 880.038186901001
805.6958140103907 818.8344806912567
341.25017151644465 352.490416720336
365.31662591718003 466.72086375054823
37.33160739965358 96.65615259330573
932.2965247704769 941.214068703002
722.7017642491701 763.300821656383
317.0514613892762 603.377571782466
9.488140840246295 282.7554971044276
306.2504331598065 198.15304115179467
624.8418007684679 95.81363155735522
311.3973404514536 994.9153210966584
895.2906364199748 324.9727035907817
282.3877359208874 690.6487813494616
187.15349550430815 508.8646032253171
679.1787250061799 71.22663596339373
893.971993763572 311.31860709939207
819.475511736201 295.5092012557782
894.1835585967923 205.01996947754185
1.2603517926151886 619.9138875898064
69.76000234217238 47.81682514084829
923.5277700965612 780.03611229841
197.1184703653408 288.80051124976336
800.2674855087679 158.8694273583402
514.2614992900461 931.4937877232144
904.8212230498084 787.9828884250896
995.7705902327347 780.9650414728092
419.1634490848825 920.5081951281109
50.63504555336162 236.0558272786628
88.67770584288348 266.6641250117835
882.3095258587406 56.28669952027332
835.1949435512274 144.3513476340036
645.5068298549261 346.79143076595784
803.3857268769908 954.4340060241602
557.8048526195928 367.90404565491497
286.5673615334304 74.3703359880573
105.00601797028108 970.4548827440951
284.5464685613455 13.168805608728796
862.2388627155412 767.3726330563394
104.95830354054459 183.5401115861809
572.2910419920149 281.8003114733013
374.9047859142918 513.8317690917766
949.7797274532777 19.810362579042785
61.390300463064705 405.7903100503981
778.2108089258563 473.40681802656826
407.91825398540493 677.3979795919073
467.4915748706721 447.7326063440105
721.9582019238728 154.82031739142988
368.0985161115179 699.781899441463
747.5593127808836 305.96307644177546
770.4894015406185 616.3761981922955
360.4935770471226 915.1110801447439
963.0211954585784 447.4496202022457
480.83249281292706 288.6020805682272
954.969588634671 104.49790121120795
650.5180769460608 304.9044538708204
172.22358409502104 536.5859306865526
155.13885935050232 227.5344899486399
849.0814814650945 663.0930437973576
284.505554550589 155.25217682825266
628.5574011852343 86.1193300814157
218.1819928273574 185.18045248601666
390.5989648539565 680.5917399052014
911.1120343792276 826.0990751079504
260.358876276814 202.58696288121226
182.2560158941019 731.1106340791953
477.06364957040347 619.0958240081629
589.2319994540702 728.4224059620858
92.1251468625175 661.9016134503619
187.18352147824734 215.93519419173268
200.12079345842048 969.752147092302
634.2070525857366 395.45002927571426
747.9435540035788 328.74523921193844
919.5260785213295 375.9729293914972
195.7723723932826 293.3025992848348
708.5290415254755 225.73015451817446
259.33425880456383 601.3872735073621
445.94726202424073 228.0403604489062
193.20172854827388 29.18907251619629
306.7775304629041 333.9033161779041
947.5902345715158 554.3016159221796
777.5124333968749 585.0246577771102
651.4730612681439 503.4947423274636
481.787351644091 466.11336722420526
975.6347853099131 768.7873623012529
183.62844840630433 449.53447246183697
232.7874712191831 654.6379611657394
158.1846729975257 91.13388208112605
992.9886593007882 792.6851660988899
311.14994849300047 881.4591239275392
849.2147293073505 781.7607288662623
900.6544689660102 61.686687661403504
635.6316772376967 27.497474518484278
433.32139318605647 735.4194930223241
549.8156565888053 321.7194494434187
897.4916841246906 543.1480466885902
494.7768244198385 787.4346466118418
430.503380838008 556.328600142156
652.7794060617969 71.31546015066914
829.2833727578563 406.90516645230747
935.3729293876651 624.931095683184
101.19647760048633 890.944558555713
537.7489866894035 388.97037690368927
723.7298764401299 621.1210764889136
302.3672058293937 205.81276525251135
30.712977540232057 528.8185605391216
633.1201219555448 59.455140004241905
47.9343564663528 325.05471146421814
808.1583783992437 670.4809697416086
402.1066716272991 214.6764080439786
908.2889755356889 395.4616611371288
719.3776218523121 73.86399085917306
747.0646002552609 871.8011377299522
316.83492692115436 821.8040189380976
914.1658484951197 258.404377414174
809.8573965395682 409.78641678465254
932.8167932844841 827.3256669615348
19.65434621681661 78.40270908840563
736.9177532866469 98.98371553092244
0.08724323702546943 422.2264631799494
457.6168825624659 737.2855647341653
819.0153713070844 824.2827685663705
238.29353369102714 630.0879333453992
639.3882318552132 449.7637225049252
824.395334936533 344.31619387628797
173.8190563943235 650.3581432027397
971.1402181608851 519.9382202951233
500.87828981869666 135.3046815731218
599.0828886598998 599.1353995095204
55.61268189178226 552.6531799900521
85.99059904402628 91.9620119464839
412.7700567112507 652.5558716639453
384.2203127424446 970.7617122951699
510.6180163350172 854.5945354724951
375.45997679809597 927.4868962562267
351.97967094575523 670.3283438670628
540.4618553866444 740.0649401237182
303.59382820153746 990.5627394573073
897.4776823201814 12.662407702445755
79.57114389780617 815.0983763069091
472.5644613994513 290.46946909112705
254.69692887245122 860.9650598163694
444.37899276291415 967.5542333121417
308.7041298376636 965.2260012560877
505.9718563706981 99.71138093118437
400.41411322729203 851.5227069960806
886.5934873097515 62.539387734682485
679.1341578040464 370.4215520026074
230.1944645821916 644.8485295147478
140.36869401388807 856.5502027450294
472.41093700462756 46.05763970310317
988.039925064787 572.3690923486089
998.5665934443155 340.3376126387584
512.062368107158 418.1800147806105
133.72480520164098 106.14295827306353
149.14958127583844 619.3771953833589
964.1379980961234 15.817959211069432
595.4008129000599 831.4566207559204
187.8732252567712 421.26672840453097
148.7775901878552 483.6469554473902
974.2463188170569 571.1387760070551
807.7450504487012 454.96650456449714
429.40579578813265 394.8136918668114
550.7171253012253 834.9537045242361
441.7336755557689 933.2063223929006
547.1900448849651 943.7682127159381
957.7327981463743 432.1761575562355
444.09007329891017 255.20342816360852
961.1656322332369 325.1621093845415
858.1587079223533 973.1072993711293
964.1534225602688 733.5062528320655
517.587743207947 816.0125796848016
399.5315564343052 921.4441806567246
913.372225923141 790.7145382003921
6.0121900209406665 651.9547666080908
253.12881524171894 834.3042514013924
479.5457078067806 889.3681128513491
541.2984097515416 729.4333951649036
895.6892942583946 75.89381725559585
181.2214938645994 595.5831312163282
37.860559181220665 860.3409741159918
571.9972675184611 33.24495702219843
135.03514486039703 360.27364139421405
730.232010503108 924.1390391273895
6.833199788229272 998.1403856005109
327.5059217741029 448.1785504043978
147.05363482271673 106.35517423476992
589.6905041695466 281.052848627426
616.9699086464836 287.57468916112714
117.97949843501432 779.3507764633093
840.0442458203133 786.6355863817364
445.58309188682256 426.91964066926033
243.8838567855064 67.68395973958296
276.7654977014008 980.1654298703816
170.3607638195954 174.53931951335477
186.6167480228258 315.9036414013152
397.5338759151264 126.18957290836619
852.8758068590848 816.196713873398
293.0492475360709 424.63228539065835
126.28064647044823 665.6299561842571
490.0854099056977 249.23380732812095
896.8848818914344 318.25050156618295
108.26622775777007 615.5584371714428
24.959756645274943 154.13209640983183
2.904813295515285 607.748016587793
286.2019367347891 331.3598582353056
828.6507811107975 545.569705616341
516.486482256946 17.270029153558465
834.4045402925351 312.376814902113
320.4199610179577 143.57012344033348
627.1646586091703 179.38859890368443
15.687318582055632 686.9745064853356
835.7785510191464 372.0640975124575
903.8017275384027 705.1848167111654
1.644819433423983 184.46692231015783
54.134592938402506 314.36952049644805
225.25664640702857 669.0052183858775
557.10858492401 676.1006134648757
247.8574934480907 681.9405462520763
334.4023642240669 205.801723379184
158.25066276755763 621.254889826346
13.592630399899996 501.925047819864
767.7513908657897 548.8841113311175
593.1320628385344 578.0212139047533
306.42605132719183 760.997189828355
283.194003330644 477.1000287343611
384.5903615733476 285.15838548429764
295.3415887283966 817.3677799913561
961.2911180948361 928.2502093964519
210.0464920248767 342.3695358484806
339.56519488686956 467.9886474485051
862.0496537973294 158.85504377685444
460.7126642763025 665.5277359152694
216.85164683983416 140.9989661862283
417.6807599249417 541.7207979818317
81.46323038491133 654.6557575575201
924.8300186756808 82.27681104563555
217.34054538280822 231.41011967827464
145.9744586155517 742.8771631852784
902.0534312895993 30.256294934876028
710.9731040717426 905.2605331912077
339.28478551335996 728.8689910987847
553.5284407978238 801.4084567823825
486.33930533751044 425.25079810657394
244.3429024641255 491.8616881846792
945.9140983992434 938.4974535344096
30.623265656710032 172.56315351858564
752.3890309369247 97.3482248418267
683.5402432229223 909.3689605161576
669.4403525762481 309.6332173905939
67.64855751291066 937.1456360271242
100.31367221239206 76.57604965539045
991.6272999993228 664.7488064380951
76.91569579652457 224.26230174054083
486.29362469357227 611.3060307652407
305.5433315669527 699.2011684440583
630.3535056012915 943.2581286919927
41.720444944704724 597.4490056775943
518.2103065360543 552.2426550487219
989.9298716587048 772.4764605593653
465.7611880460406 514.069193625627
723.2444328393666 922.2449243588708
272.3488732477812 4.97375154613644
447.68254428169206 89.28192671773883
176.08868175403936 217.299812024618
310.91836457893294 223.4509487228442
157.85746705003857 340.70039701121976
716.7178836999836 885.1351207778833
508.1928677546712 541.2810367752927
799.07517708957 6.613153010713857
221.463269928031 248.14172196149343
725.4542411969204 361.1149802879879
130.3698228402863 955.2193249957819
548.8223514195314 684.5290286644899
496.9784860161278 825.6867583910711
295.6891270877714 484.0215076197405
677.2091077181051 125.01067958067136
284.60250934332345 622.4783352085728
922.1553620091316 727.705813285516
785.3472290603456 800.1901060993727
525.1844348300499 421.08536924131243
571.3432894082923 447.64606160689266
404.54301745790156 136.15558097409354
232.0706238197241 30.32577843732931
685.7859853169368 373.7896416111255
944.8302505207249 870.4299910466965
409.37759442959555 67.52305433260774
493.6610585106529 613.754224868697
383.26907296670197 860.4320445087332
38.75971105627496 913.7892587854009
881.1033401493187 282.6989449804974
744.8172538570224 94.6955717279705
783.5119832839332 401.47421183945977
684.0601482810823 515.2259872837999
925.3009896163159 510.6024926961256
974.5963680501599 144.36870197004103
309.29392048489245 568.7103617937038
496.063198136477 382.5606158503705
347.5189092592628 656.5085268996
556.7889853858159 154.92058883086855
550.9338337051297 970.5181458051704
96.86966554305232 646.0378872602023
902.4394627789275 319.0414896465079
632.2795783568777 959.0601784809974
617.9988335677134 337.26475407462794
333.9606604743721 6.145135863036999
383.3597281684311 860.5615047400165
124.90622829820185 297.5742091386815
414.68430021708605 682.1722913949624
299.14208784485186 58.501705332698826
877.6479199806374 491.15275428034056
