250 573 20
0 2
1 7
2 8
3 1
4 14
5 16
6 17
7 7
8 4
9 8
10 14
11 12
12 10
13 5
14 0
15 4
16 13
17 9
18 8
19 11
20 6
21 9
22 19
23 17
24 16
25 5
26 6
27 7
28 16
29 17
30 15
31 16
32 2
33 8
34 8
35 10
36 14
37 3
38 11
39 0
40 12
41 14
42 3
43 18
44 8
45 2
46 9
47 0
48 12
49 5
50 13
51 14
52 5
53 4
54 10
55 17
56 9
57 8
58 6
59 16
60 19
61 7
62 3
63 12
64 11
65 18
66 18
67 10
68 15
69 4
70 19
71 4
72 6
73 18
74 13
75 6
76 17
77 10
78 15
79 7
80 17
81 12
82 16
83 15
84 12
85 5
86 8
87 8
88 4
89 14
90 17
91 10
92 3
93 16
94 0
95 9
96 6
97 14
98 0
99 6
100 13
101 12
102 1
103 10
104 11
105 2
106 2
107 2
108 15
109 13
110 12
111 19
112 13
113 2
114 9
115 0
116 14
117 10
118 12
119 0
120 1
121 6
122 0
123 13
124 4
125 0
126 8
127 2
128 13
129 16
130 0
131 15
132 2
133 1
134 17
135 1
136 15
137 0
138 3
139 16
140 7
141 12
142 9
143 19
144 13
145 17
146 16
147 16
148 14
149 2
150 13
151 15
152 8
153 3
154 5
155 11
156 10
157 16
158 15
159 15
160 7
161 19
162 6
163 7
164 14
165 16
166 11
167 1
168 9
169 6
170 19
171 17
172 2
173 10
174 7
175 2
176 2
177 12
178 13
179 11
180 5
181 5
182 3
183 1
184 10
185 13
186 0
187 17
188 4
189 1
190 2
191 3
192 19
193 14
194 4
195 2
196 17
197 7
198 0
199 5
200 17
201 13
202 11
203 9
204 5
205 11
206 18
207 17
208 9
209 12
210 0
211 16
212 0
213 1
214 12
215 19
216 8
217 17
218 14
219 12
220 7
221 11
222 18
223 5
224 5
225 18
226 15
227 16
228 3
229 16
230 2
231 7
232 6
233 9
234 15
235 12
236 19
237 17
238 12
239 0
240 8
241 14
242 14
243 12
244 14
245 9
246 1
247 6
248 8
249 9
60 106 64.0
76 187 33.0
56 62 72.0
147 235 96.0
69 195 16.0
167 218 61.0
115 116 18.0
20 54 63.0
118 246 64.0
84 150 13.0
147 226 82.0
40 50 37.0
179 222 48.0
109 218 86.0
161 214 1.0
140 149 59.0
165 177 39.0
146 170 26.0
143 198 99.0
42 44 30.0
146 181 15.0
39 90 28.0
176 220 77.0
166 188 51.0
34 99 54.0
52 164 71.0
10 155 5.0
92 188 92.0
31 127 81.0
53 126 14.0
134 182 91.0
82 233 25.0
31 82 8.0
160 222 49.0
122 137 48.0
70 230 23.0
64 78 70.0
191 246 99.0
5 141 81.0
93 202 42.0
118 191 27.0
2 158 84.0
72 132 20.0
194 231 58.0
24 97 76.0
17 157 95.0
5 183 42.0
102 133 55.0
72 112 80.0
160 179 29.0
41 94 94.0
91 160 78.0
117 147 84.0
9 160 87.0
102 151 92.0
2 124 88.0
135 163 32.0
92 209 51.0
117 235 87.0
23 208 80.0
14 245 13.0
83 204 70.0
34 198 12.0
133 151 17.0
173 201 48.0
121 134 21.0
120 180 90.0
82 127 92.0
163 238 78.0
141 183 94.0
145 186 32.0
10 115 82.0
68 96 53.0
67 240 29.0
25 51 71.0
168 248 7.0
138 238 60.0
69 80 68.0
30 236 29.0
8 212 63.0
27 139 47.0
110 174 29.0
77 172 90.0
15 222 16.0
149 195 92.0
28 228 85.0
1 221 77.0
115 155 76.0
139 156 52.0
138 163 74.0
182 214 47.0
164 172 77.0
4 196 42.0
128 220 8.0
217 247 93.0
66 125 20.0
78 108 68.0
64 123 69.0
12 13 96.0
26 247 35.0
89 210 64.0
89 173 62.0
33 97 48.0
123 224 97.0
114 175 44.0
50 220 21.0
80 195 70.0
18 42 25.0
52 172 88.0
165 215 50.0
40 220 85.0
151 185 98.0
155 216 81.0
14 120 56.0
18 44 4.0
152 166 19.0
124 158 59.0
2 85 5.0
10 116 92.0
59 127 39.0
142 168 32.0
16 54 56.0
70 162 83.0
9 91 99.0
64 108 3.0
89 201 55.0
38 123 17.0
178 208 98.0
101 232 53.0
203 207 42.0
158 171 48.0
24 244 40.0
0 129 63.0
67 86 70.0
7 28 16.0
53 186 63.0
70 116 67.0
38 64 96.0
38 218 96.0
40 136 47.0
125 226 80.0
54 57 74.0
8 144 7.0
138 173 43.0
103 127 72.0
83 110 54.0
102 245 65.0
98 189 55.0
153 234 5.0
31 103 86.0
35 174 46.0
0 229 25.0
66 147 100.0
95 119 73.0
27 156 37.0
29 63 66.0
101 241 85.0
38 167 6.0
58 228 40.0
177 215 50.0
15 160 35.0
23 43 10.0
13 211 35.0
206 219 41.0
114 213 89.0
50 107 6.0
7 216 6.0
68 239 49.0
20 182 92.0
203 213 2.0
128 176 74.0
47 52 65.0
135 223 25.0
77 88 83.0
107 176 76.0
65 224 10.0
1 142 93.0
166 209 9.0
95 248 71.0
135 138 56.0
79 165 18.0
167 243 55.0
134 161 58.0
79 106 46.0
180 204 85.0
150 193 32.0
26 217 96.0
120 204 80.0
20 121 66.0
35 236 29.0
231 243 26.0
37 215 95.0
60 79 32.0
89 225 91.0
116 162 71.0
173 210 49.0
115 216 46.0
64 224 25.0
56 71 74.0
99 122 100.0
104 202 70.0
62 71 14.0
135 206 28.0
201 225 49.0
133 245 29.0
144 233 7.0
33 69 21.0
32 75 53.0
95 210 16.0
48 121 2.0
73 176 65.0
79 177 68.0
137 161 84.0
123 246 37.0
33 132 80.0
25 157 71.0
37 140 37.0
74 190 8.0
97 244 13.0
78 224 15.0
10 239 45.0
45 131 52.0
20 214 32.0
3 114 94.0
159 249 60.0
168 221 55.0
22 181 70.0
133 185 21.0
21 27 64.0
61 81 95.0
58 68 86.0
110 205 49.0
105 178 41.0
29 189 37.0
11 199 62.0
82 144 7.0
39 234 69.0
196 212 30.0
158 159 16.0
23 178 18.0
33 195 8.0
35 205 29.0
18 196 7.0
113 124 53.0
37 149 50.0
179 237 34.0
108 142 35.0
105 208 68.0
7 194 95.0
207 213 73.0
59 233 7.0
42 184 11.0
9 17 44.0
7 162 39.0
120 245 97.0
169 192 33.0
32 157 1.0
130 203 58.0
126 134 23.0
94 211 98.0
52 77 78.0
96 239 15.0
6 30 44.0
11 148 94.0
0 74 96.0
104 192 75.0
38 108 55.0
135 219 28.0
59 82 28.0
42 49 13.0
174 236 59.0
83 205 87.0
118 123 42.0
5 66 31.0
17 25 17.0
30 235 94.0
48 57 33.0
46 93 29.0
137 214 14.0
26 189 23.0
152 185 42.0
36 59 57.0
87 190 35.0
99 137 75.0
93 104 33.0
144 212 38.0
55 209 36.0
84 200 76.0
88 111 42.0
16 183 12.0
16 141 45.0
124 249 71.0
26 29 36.0
79 215 10.0
222 237 16.0
105 174 16.0
173 238 42.0
117 141 44.0
63 180 37.0
30 147 33.0
3 223 28.0
62 75 97.0
151 152 75.0
18 49 52.0
28 194 39.0
212 233 91.0
74 87 84.0
6 236 23.0
61 85 84.0
28 231 73.0
58 155 93.0
168 210 67.0
77 103 47.0
146 154 20.0
13 19 76.0
10 70 18.0
19 211 28.0
33 72 56.0
53 121 51.0
49 150 81.0
174 205 21.0
95 168 31.0
113 232 9.0
37 177 36.0
19 241 86.0
75 157 57.0
24 80 23.0
158 249 28.0
210 221 49.0
25 32 30.0
221 238 56.0
49 193 75.0
84 113 22.0
46 171 4.0
121 126 60.0
16 57 42.0
49 196 91.0
11 111 17.0
129 229 36.0
123 218 85.0
107 133 64.0
87 178 44.0
14 133 48.0
3 201 65.0
68 155 15.0
173 223 6.0
71 75 37.0
225 227 75.0
66 141 54.0
206 238 54.0
21 56 89.0
58 96 50.0
21 190 16.0
104 183 75.0
24 69 6.0
210 225 33.0
133 176 5.0
3 225 1.0
154 181 80.0
6 226 79.0
48 136 68.0
61 171 3.0
106 177 58.0
99 100 43.0
38 243 21.0
49 184 31.0
21 87 4.0
175 225 29.0
102 152 5.0
23 105 10.0
47 238 10.0
71 91 71.0
4 59 54.0
65 78 13.0
78 142 72.0
39 153 5.0
119 210 53.0
104 169 48.0
45 197 25.0
60 177 94.0
153 227 58.0
21 156 80.0
10 230 57.0
105 236 97.0
8 18 41.0
3 203 93.0
33 149 9.0
109 170 68.0
197 200 23.0
74 129 8.0
126 161 50.0
20 48 47.0
14 107 59.0
10 112 5.0
17 75 76.0
84 232 81.0
9 237 28.0
46 159 61.0
96 237 78.0
235 236 95.0
63 120 15.0
1 78 98.0
107 204 1.0
125 192 75.0
33 112 56.0
177 242 16.0
86 130 7.0
1 47 23.0
173 221 90.0
109 146 54.0
63 189 98.0
16 202 50.0
33 140 39.0
112 239 26.0
12 19 83.0
191 218 27.0
11 219 27.0
1 238 97.0
72 97 3.0
48 128 86.0
43 178 63.0
35 235 72.0
21 71 33.0
197 232 87.0
102 120 18.0
3 173 36.0
81 169 28.0
13 94 76.0
51 242 82.0
71 190 36.0
26 63 88.0
16 93 22.0
59 212 66.0
81 118 96.0
63 110 11.0
88 187 30.0
22 228 89.0
73 133 28.0
55 189 95.0
43 247 74.0
142 231 17.0
23 63 3.0
95 142 70.0
170 228 20.0
48 145 37.0
88 103 90.0
59 196 78.0
20 137 21.0
131 197 18.0
76 82 50.0
61 158 44.0
130 223 83.0
77 111 75.0
164 206 11.0
170 243 36.0
41 131 6.0
82 187 17.0
169 191 26.0
108 231 88.0
111 164 17.0
22 154 98.0
104 125 99.0
86 203 49.0
19 94 17.0
73 185 66.0
2 193 4.0
190 229 47.0
43 63 61.0
80 215 87.0
119 162 79.0
90 112 98.0
76 144 9.0
154 191 16.0
150 184 30.0
47 206 58.0
103 187 99.0
178 236 41.0
12 100 62.0
72 90 84.0
136 204 25.0
48 220 93.0
119 234 51.0
228 243 97.0
101 197 11.0
124 150 23.0
16 104 74.0
124 232 59.0
46 169 12.0
84 124 62.0
230 234 88.0
101 159 87.0
67 130 81.0
50 204 82.0
43 87 20.0
65 81 89.0
93 169 74.0
93 137 26.0
76 148 54.0
195 215 19.0
26 43 29.0
94 197 35.0
199 240 72.0
117 205 97.0
203 223 20.0
12 143 23.0
12 41 67.0
205 235 51.0
75 91 57.0
81 224 39.0
95 231 93.0
83 136 70.0
40 204 9.0
9 242 17.0
93 122 58.0
199 219 93.0
1 52 81.0
128 145 46.0
90 244 53.0
67 207 80.0
1 65 99.0
70 234 2.0
100 145 67.0
129 178 68.0
100 161 94.0
45 200 49.0
12 99 13.0
159 232 83.0
143 159 91.0
6 178 20.0
154 169 29.0
48 141 98.0
146 191 65.0
130 135 12.0
81 123 75.0
36 193 2.0
102 209 31.0
26 55 22.0
125 129 28.0
36 77 74.0
139 247 74.0
225 234 77.0
153 225 96.0
73 145 63.0
22 129 71.0
159 241 12.0
237 242 9.0
162 234 71.0
102 189 65.0
91 229 64.0
36 65 76.0
141 205 12.0
34 159 11.0
125 154 44.0
114 153 5.0
61 193 80.0
15 22 20.0
10 39 52.0
145 176 53.0
55 247 53.0
93 99 32.0
59 193 19.0
24 215 49.0
140 237 13.0
65 77 88.0
22 222 61.0
34 46 92.0
46 99 96.0
219 240 42.0
24 79 41.0
22 125 22.0
12 145 71.0
135 240 85.0
24 207 17.0
