501.7253549315628 729.2036412923883
310.98349105195257 330.71578706330496
692.0404209413983 268.457486243755
102.00836772575184 243.83583862043378
575.2317924334372 103.03463958584047
732.697637464567 558.4523055088449
620.3462519198607 681.4440811220227
254.24429251973058 544.0415828840967
533.759976715642 18.56055457899608
318.51491123904805 859.3225070070426
197.52751976728257 598.2811967190169
203.8897445756743 67.55745416279679
998.1637472380977 284.92522934293606
977.6054167438393 259.8169462986763
862.3746759480409 826.0252804201493
362.9301828007446 809.8008337075308
797.5666340794427 514.2593307823049
312.32894450750035 918.9187008026414
620.3961923647947 27.214779015504508
904.9562700213372 257.6596468419996
828.0917357542038 539.709202328007
507.18746219234964 915.4418283863961
393.49583511078987 630.1954640587745
637.8626453632139 884.0373011607073
16.50618911604351 699.3064853406723
260.6729974381573 954.3037272171863
757.3963523431308 979.4712999580452
547.814569538119 953.7177853938739
291.45681917908064 555.2683384512278
765.4202393594754 912.7590218466725
680.1818720812923 693.5950551006104
467.39556677244565 83.75338484560058
320.5561607548081 999.6545449216853
63.58122178355985 701.8411924225039
904.5553229368086 383.91490178156226
728.7507600708731 723.5920033065919
533.45137994093 178.06770161042152
91.49045790359922 841.7209492243483
410.23821936744764 430.20291249766484
35.71995632482328 514.0651691053317
913.454365019071 692.7789746111712
988.4650745273589 152.3800489673165
652.8580558987351 16.74329633429683
639.2178552317569 926.9099628849734
648.1106378831455 5.667978175111221
908.1880677406162 21.21082271914343
696.5639021090147 383.7029215209946
335.8635426576759 240.15498082475895
892.9040359256609 600.5357502095007
671.0448956624614 76.42960511306373
909.4425511909427 701.8528358729408
244.42067578532357 976.8658544892435
353.9347938256633 198.89871402025761
947.7440400159074 532.4936418925793
819.8613150587436 542.8978695597174
912.2528047979548 982.2274742832478
440.79239962865336 956.5586510760477
833.0178444161385 581.184341356952
278.8088538096695 624.1727152333023
495.2952148747002 126.35609708585504
73.19709027606658 997.6649887162127
593.5023127925539 305.38445266890346
436.47273897437424 960.57412689425
746.3158707251182 875.391689332164
398.0523738047598 392.29899241736985
453.93820371025464 324.5688259656366
676.0540587142524 585.0857593584772
25.141097412010204 27.98232824308289
244.37352704606607 668.2007872541468
73.79261092923795 753.0353813486661
170.68133562560982 530.6003060476322
407.4724026956402 917.5577807224076
93.6136128748164 635.4018860116621
990.1104174408061 714.8080948712918
495.8706711659681 790.2510744138015
371.08527821636017 986.2572431335944
373.14568217701725 21.073121640649894
375.8542869828413 142.11136763061594
389.4128611608444 377.6752969297964
55.269179456681414 950.9593228977295
48.947799047198814 766.6126903998588
576.8614496397337 358.66775487662596
472.9657601857975 68.39209545545843
791.1460802578929 786.597848881433
735.1307552070002 126.3547366302461
656.9954234108583 271.76854077306103
26.68415823956549 66.4236836939982
544.2752011308316 841.846275573219
334.6580589324518 123.43899141559989
181.6497142657525 316.8529544002654
46.54033319818096 521.7286110885681
354.65362765164264 853.203803751566
975.5961574097008 950.1078523700261
722.0577634763875 441.46679494221297
966.2532668976372 157.3092946926363
196.59827238477322 386.3546361375551
246.51156284443988 695.4238809826957
32.5977752508515 712.7989916348183
843.2261896109027 971.7399335186716
905.0413089355841 398.0535492693384
986.6842355103538 407.1235369357606
827.4758779007407 210.0130092488195
928.4141699759983 827.9843650270179
444.2876303069473 118.18401950697444
675.440379674814 487.04170033903716
672.1206850703037 808.7863098074002
73.47171122086161 994.8560319270584
896.1466057407054 743.494133042547
361.3864402806793 392.3977140157473
401.50776761721306 470.0623332662235
753.6133835358712 769.6514511616242
274.2380361398107 97.51473399309907
111.47591314093619 622.2183839897222
740.2816797599344 201.65278129850083
49.52814487415702 259.9612526673323
196.96239815771455 570.9933188995074
193.65759400701776 562.8993214563814
711.7209649206995 618.0777296010268
489.4913557115889 417.4559924110255
158.1133369910377 402.84418191262563
828.7015088509102 835.7826346809279
876.484461993848 550.3441494935985
857.1228486339495 416.95441207380446
429.7775456074895 398.89464969093524
708.1045325283068 249.75218211613893
649.0453701654426 601.3976204268114
944.537665280668 517.1295717148214
478.12643079466335 94.79983480908305
946.0153062875158 683.8786263900619
535.8107056142549 711.6027925648998
82.69559596366527 141.48058899506665
957.7455516178194 44.37937304377948
84.6451713706169 652.1661050613427
937.2390449934559 808.2834959759547
884.7799939816477 525.3282055184058
210.1623415872297 223.22119875307845
875.504405996674 680.3211425045994
849.623780388345 431.64454765320994
229.44933994264449 265.13251550265204
565.2718938048264 977.0465602965857
104.26220728772539 789.0712105245497
750.0560655144541 560.3089358943852
305.7031390743763 375.85158375064753
891.4789251480531 361.22505891914335
492.8920957340802 15.47058630681175
990.810977389882 551.1145235277975
412.02632849634 564.8501517256134
689.27310808616 624.6851773579295
244.78229007814934 21.863824067111292
94.01254875231425 783.8809927302073
725.4244301328603 125.96928304368981
952.6484956482182 828.9739280794655
976.1091383416928 895.4819556746259
14.396188924959198 432.7336974144489
484.1848853703019 556.5208985024692
211.71855383031834 597.9359515754934
540.3555741849541 995.0160271115418
312.85421398267863 939.972879497205
702.283755888999 284.44660851150473
752.2674482247096 312.25178286673815
334.5913701057601 841.8816026523488
862.3323253401833 483.52201897208755
202.78632720597122 513.2708091629655
232.3298060069231 234.3007941657449
341.79730456379167 191.6183244689398
83.8065285719155 914.2482569807468
969.6004331875065 930.0104868510109
383.4363293904714 463.0028688505814
269.48249356009234 374.6699422491817
595.6740518640158 459.0356511716952
402.3342536937071 557.8406170062791
675.2244256258144 311.26172198996835
356.7565821136637 164.41741147566836
194.52063430928658 286.7264011229147
724.6913127537399 764.9388411600025
52.94994279258158 292.9659882031952
938.7155853875847 728.1015760653218
95.25219818548192 915.6865360565797
620.0221384642742 829.4865452586055
328.77149537822504 820.1011271313428
802.2945532491598 834.287568938349
406.1566259461382 576.113713133221
869.0778426206244 523.6965364956841
735.7643725641515 537.152870984412
711.418209535472 4.6581718172168385
987.3259519216971 832.6400687100677
986.4146518574721 524.2418882720185
368.8654782618831 21.917975822975055
982.0236228857291 936.4288906029349
811.209324120475 945.6429540567805
479.80431590941606 842.092200301324
483.9814185874093 434.7090407924795
620.0233708397409 514.0343421809409
684.3236861368114 150.56758069421196
270.89293014657045 487.69893882424253
81.22689790622294 756.5482344895353
594.7124112209729 78.840207104383
856.6014681356623 88.57483779595843
883.1516826216899 369.86096282083327
161.61423412605492 30.077876454837504
770.4563440753125 71.11495189202365
168.8197894032193 282.3467716407719
719.2616660205344 459.2889448569946
39.237704852358554 183.11846985448466
816.4332930024726 788.8463347433799
786.2795103325146 724.2586127078445
231.91983712604969 176.04247249436034
4.058789795953754 169.4513548293688
642.5046482983224 859.3134974755407
977.3070299644804 974.8507297853906
208.7052154729311 335.2765097146172
966.1629465695557 218.14008505683125
553.8303201295802 39.06543609884772
23.615002335582336 225.02462434414085
858.8872030765747 494.41429967151095
66.06721825543916 884.443351677571
244.9985095903573 586.9128826185982
711.8925998993343 963.0160502452156
391.46509979765653 465.3284179670173
190.11454573943843 164.43547394202517
940.4494979480203 714.6526465672308
282.12200627182705 320.6594298447796
337.6595124625943 825.693573015136
165.89641796340203 214.67075091009679
442.9936844772047 368.65911163692255
131.46760427362125 318.50836466894316
679.7240336740028 627.0686643293521
72.49472720599026 369.3506230682984
296.14308031202785 585.1867180700667
460.3663539986973 724.882320435733
155.74792315967989 522.745373913049
289.9902186854789 483.35290554745194
810.0378197488856 176.88253559088008
489.08823097934084 67.52134322806513
47.076074696170146 458.2061828104226
690.761416624539 631.5667003783142
679.1838097510865 722.1619281573121
297.3440945103031 771.254017302115
253.5620054219504 251.03661197607775
203.43550784091101 652.3974251027491
34.89501001246009 2.419898452015179
866.60375254531 194.0428630780412
185.45248428998883 891.888029270078
336.98980921819435 467.4575494170038
15.822922264506323 661.1483556888778
887.4372975378026 823.4579794632103
479.80577970084715 417.9719296821776
726.8481209565064 990.7148123733161
242.4945682685158 381.84935108849317
773.4542948626947 261.5570064234667
