209.47677498361162 894.3775576679648
917.5959546638587 441.4408960699444
873.4797101623216 208.3698370486262
486.7942112640452 330.41408328709696
396.1322969665295 854.5438906140727
666.2470059643848 310.35346201688753
60.18840856593 743.2219960600117
502.61749745466386 949.8661529726082
715.900268101858 698.7121674736735
95.80992439714686 742.6270461594867
351.71353389262214 301.37205571871505
567.8769575216929 307.772160537933
589.9364329012068 635.7935478349806
415.59955425834517 714.1093355505498
702.1094590903524 496.3901553560812
142.85743634484638 348.3250563855852
456.14733960292244 160.48854854932782
543.32885559851 668.8223013180702
434.2350504620115 88.22030334584797
857.8433889664475 677.0446768759082
981.6036843811593 796.1532972491466
869.2368065431446 759.3782082658087
750.1909048472655 3.3620213674885324
791.3612249817564 37.82873757184435
92.75411302060543 520.4521440001837
542.7404416448662 959.347534605766
913.7200380836669 612.4398373596022
103.0082590305077 896.648956823082
534.9398692188754 702.9423960421752
844.5731449831083 552.9518475102993
516.8346105104221 695.6202887042602
856.5850168657757 734.1666393308207
435.21048365476224 494.5391375179407
759.302027414357 123.95658691658318
647.5443607208731 754.2742244674489
316.0431788430925 405.5357044254253
437.01751510991284 66.66345106644044
194.11406458859304 900.9760307780651
812.5131196303768 93.12860775415966
852.8899173876171 161.9533185882218
33.00091142157757 298.53441470015906
716.1377630241681 245.64662948764447
871.4756750047808 901.2673334424038
221.47475428146222 532.0386533399609
561.4332867578379 152.93235309512622
200.1549518020682 364.7963690792223
365.88624030383744 142.59694296844748
751.6766582149834 313.7723072025684
223.9348020156049 961.924283577732
331.1695002764049 802.583384431252
719.8159257390021 347.3676995706502
239.1512011915413 514.5583687342361
346.7917369162775 969.7608720190009
32.36030400924539 239.5014469416058
239.89408585122928 451.61372311710755
60.52768822948784 505.00074030471
136.01512213300515 236.04806641772734
68.95773106373382 778.7199226354195
553.3032324042914 342.0889670014217
307.31425133158854 947.8233647401196
801.5492903371643 697.6727577004099
583.3517044179187 826.4416512553191
58.15293358899232 482.06079124919785
549.5165898726552 433.23364259589715
80.14140849342344 459.66636298548724
114.74102097087035 497.1263777695706
964.6719128279265 738.769395176149
331.12748474593724 664.6823978408662
397.77971540860534 495.22100406862654
12.184488472600563 445.39576850427176
415.8240415216503 695.9689255857991
153.18690321693097 156.66272100961498
793.806799759287 262.8866409462177
436.2186671047231 678.3308210035322
46.396096235784 333.44298366232226
715.8787300285034 769.0729297220647
826.4317570008221 245.4472826746651
742.2680764343717 340.9860389155015
52.9285112773078 158.19328680785338
405.1923883435893 854.981019718634
807.6553181546244 772.5673137003034
909.3858119680044 889.441142268127
377.81055472019943 121.12079344810856
680.1622396941507 952.297678260478
793.7784563179074 379.8669317721919
282.6494315225391 870.7965750245048
495.74836300993144 520.9402830284992
163.04760488521597 104.36172146073419
236.54176650434377 887.0592421391888
516.8348199677658 868.9642294958545
727.9192908089061 286.3530809477046
690.1781625733094 171.38418387891508
704.8097225796308 425.8031800122387
903.8583308220526 685.8086178742084
212.63209632191527 926.4507238170189
98.983286237468 292.9181415065404
182.49988355125257 673.3277555244366
539.9978350672992 386.46403018195684
194.4061828025736 973.7192458058007
286.2536277999077 191.93597419407936
952.9682246605568 928.1439883091701
310.57846204015493 142.18019299743133
755.9110789044659 0.9554954106203439
326.4611381192295 983.1899842044829
721.949821358153 632.4273268323129
653.4256674857264 698.6735403669045
114.98427722219373 922.920984205164
880.6272015317081 587.7590883173809
324.87742986263515 510.03268307860026
974.2032922553161 853.3204561166748
953.405301354041 926.7284330993064
166.06595123408584 721.7051357571065
37.075146092172886 236.00156202198554
717.0768976025964 499.6297160672969
487.25514344574793 878.2276106326741
808.1825432095932 293.9355681019218
844.8261042352715 665.5734230936068
222.91340916794178 748.056966957568
768.5813943189723 706.8716449704964
130.7468473410738 832.1180260740542
585.5809097005359 638.0729651237029
134.7288729752061 910.2871173394292
770.8630536485306 710.8936049197345
659.216684191152 682.0567548311005
764.102516858309 617.3968513251924
931.3125232034176 103.23101054126349
346.84608062587705 808.0000696045907
392.6234267963168 364.7908937002059
89.52460647321236 355.5961039497443
20.874204850537815 680.8033024196878
392.8527424276854 793.1017782352203
175.4740481169541 81.45956668199328
366.48043117974225 849.5945752097033
125.21532809895908 64.19000006041664
107.56040577838044 866.9086950710506
286.8340971415668 372.64646296953464
550.4822309845598 113.99191233950079
722.2081860433235 487.4575379874682
808.7048114704295 289.33695416357364
842.8432041498501 942.3492482837144
352.7063759724903 326.36626313397477
799.8311929633957 748.5823394787902
347.1844072490966 295.9234294522034
756.037622859906 146.52407852047645
812.9535106625111 810.2103001278797
786.8750062320388 586.9375097641146
137.73478822400688 710.4989977971048
346.9107757402723 458.07378753048823
732.5574765013824 899.4840217551798
759.2173681420614 311.2023225716214
43.366208435325014 863.6189499535723
450.9024940393123 227.9748438374519
494.98546818435784 870.186293095927
21.216189488410752 110.54218763076318
957.6629133744942 673.8041570651343
153.02108366702583 724.2474764812912
595.0522034100146 354.3591947131889
451.1565074673981 836.5719114519808
710.7341367173979 726.2332016193761
812.9900863560604 530.1601021505703
422.85254096956595 373.80807484060153
625.9985129636926 804.7007579460509
243.32467225310094 92.12704082954815
265.1564857453912 573.3935551523193
972.3002404934945 851.1435389861855
115.80627783492004 880.3292837277586
495.5122571944006 965.1150237381528
159.57417611146042 856.0766927856552
171.37925317906365 319.7115559547908
670.1470702878391 132.18255994239104
933.026004625564 246.95989404909545
798.3110288004584 817.4955178694105
200.90121866407807 154.88223932254363
164.37370917858928 654.4879147542329
462.22296799745845 270.22840288411186
747.388661937214 557.8560372201837
81.78311764860213 989.9424025687063
595.7522581935485 399.59755853410985
231.2728316004492 946.5172629602325
623.8329386845339 472.6920568407469
392.1533420297033 184.9069893978743
718.0247582980371 42.57992073420014
728.5781470267331 733.7139350280613
777.8545574956662 533.8458876131542
57.91582579353294 834.9384921467512
913.8949064785168 947.2215126624649
710.2448166196473 530.2171745256435
916.4690279460831 7.427663470432777
578.1445104256256 993.9317724612856
104.23784238781786 437.36449191280093
781.1631281471948 945.2574662801935
195.9646477023904 190.7015671640956
127.7551515321137 179.5965697256562
565.1373255331516 789.2048186988652
796.2857545536399 8.202918091903989
754.5387162818162 957.5135882642212
582.4984924446294 718.4660785431305
350.2537705590327 938.1120905528713
802.9013982655763 416.17397394682484
647.103692438815 289.39665467810994
683.739260509938 658.7028922615441
638.6427403704944 542.4285769864074
310.49726457818747 218.176337241742
678.5176092933634 875.1092524589441
421.9885243801342 740.2683504803454
18.480283625744498 113.11269345964303
7.17783972990127 946.40541394202
275.9076202819297 322.6239467513324
52.87347632874262 223.13488080005283
667.8467008737723 549.6380406938271
56.56218922047018 242.16356745653223
509.7300123342817 681.8624210022906
160.59620895967797 333.94678507872845
575.6096329760996 932.1616233957374
321.9687791435597 413.9484827370149
789.4827876146691 523.2278365088023
228.6832787527815 782.570180582342
188.99010921097192 786.8774834663044
279.32605274723323 650.934584654294
13.540652881157689 862.4506113863409
863.6812198909935 241.92963819269997
248.23957068917167 960.6237121639524
61.460848432328795 148.76015928468289
932.8896985348746 216.16283436778528
762.2517901083575 720.231191727574
802.3937548057946 967.0352599469076
603.45404055533 368.098385101269
416.60981729925504 193.3345357264713
395.2158333274449 173.28299856044472
669.7300674795459 325.54204349213654
631.5507155804329 863.6081189150282
412.592246484101 998.3121511952937
175.57842452902938 633.8447268682048
135.3318607317573 887.3292702698603
374.2060723044792 0.9932650701041101
280.4172527642381 19.808493351063273
464.12496196663744 373.2122681875819
794.4791696276228 139.63582440485322
924.1843253718788 906.4830285213765
28.31685308218468 622.636844214424
462.5167667685559 17.35759601212783
950.0827933465246 692.3190463107054
70.82187110677707 615.448740667165
12.805863460325305 230.95751093241057
776.0547594625752 766.4475708358983
202.61549060693585 936.6182942034433
570.9982448389062 437.97360044375745
14.898814923749558 174.81856368829295
193.40842625084454 23.317278792032493
792.8703774315999 400.8903130019431
