250 514 20
0 16
1 11
2 19
3 11
4 12
5 3
6 14
7 4
8 17
9 3
10 15
11 3
12 14
13 6
14 19
15 8
16 12
17 1
18 6
19 5
20 7
21 12
22 7
23 15
24 4
25 8
26 4
27 1
28 0
29 13
30 15
31 6
32 12
33 15
34 18
35 3
36 0
37 6
38 18
39 16
40 6
41 17
42 15
43 6
44 8
45 6
46 10
47 15
48 13
49 9
50 2
51 8
52 16
53 5
54 15
55 14
56 10
57 2
58 10
59 7
60 11
61 0
62 17
63 16
64 6
65 16
66 5
67 7
68 5
69 18
70 11
71 12
72 12
73 1
74 13
75 14
76 10
77 17
78 17
79 15
80 18
81 11
82 4
83 15
84 16
85 10
86 2
87 9
88 18
89 3
90 14
91 15
92 9
93 9
94 15
95 13
96 2
97 7
98 16
99 9
100 4
101 11
102 10
103 2
104 12
105 11
106 8
107 1
108 16
109 15
110 2
111 14
112 1
113 15
114 0
115 6
116 17
117 13
118 18
119 5
120 18
121 17
122 11
123 11
124 18
125 1
126 12
127 0
128 4
129 4
130 15
131 14
132 5
133 8
134 17
135 6
136 14
137 15
138 8
139 2
140 17
141 4
142 1
143 18
144 4
145 6
146 3
147 5
148 9
149 10
150 7
151 8
152 2
153 13
154 0
155 1
156 16
157 5
158 1
159 19
160 16
161 17
162 10
163 8
164 10
165 19
166 10
167 1
168 15
169 13
170 19
171 19
172 11
173 6
174 9
175 18
176 0
177 17
178 12
179 15
180 3
181 17
182 12
183 8
184 6
185 8
186 19
187 6
188 1
189 0
190 18
191 14
192 5
193 0
194 4
195 3
196 8
197 15
198 13
199 6
200 12
201 0
202 15
203 8
204 6
205 14
206 13
207 6
208 19
209 4
210 18
211 1
212 10
213 0
214 8
215 8
216 7
217 11
218 17
219 7
220 5
221 1
222 16
223 17
224 9
225 10
226 4
227 3
228 19
229 13
230 18
231 14
232 5
233 3
234 14
235 6
236 1
237 10
238 18
239 18
240 0
241 14
242 11
243 16
244 3
245 12
246 1
247 10
248 6
249 6
100 110 58.0
109 164 91.0
153 205 2.0
118 122 46.0
115 138 89.0
12 120 22.0
53 112 70.0
22 102 36.0
10 142 3.0
47 149 11.0
4 79 1.0
35 214 78.0
114 152 92.0
180 228 56.0
122 224 43.0
78 222 8.0
113 137 70.0
111 155 42.0
94 245 81.0
14 113 72.0
30 211 95.0
5 229 44.0
183 215 59.0
134 165 58.0
156 226 65.0
144 171 30.0
49 126 78.0
0 37 68.0
7 166 84.0
48 178 25.0
19 116 34.0
105 123 89.0
168 212 46.0
13 70 18.0
198 249 86.0
158 182 25.0
208 210 4.0
28 30 32.0
154 241 78.0
112 208 56.0
112 210 36.0
146 155 3.0
27 165 11.0
165 233 78.0
84 249 17.0
53 243 15.0
18 36 81.0
89 152 65.0
63 246 12.0
178 221 10.0
81 238 56.0
33 143 42.0
15 212 68.0
121 233 94.0
55 62 52.0
50 77 51.0
106 121 27.0
173 232 4.0
52 103 37.0
159 215 67.0
46 82 45.0
43 51 64.0
10 140 9.0
80 141 97.0
180 227 70.0
87 131 42.0
96 173 96.0
13 204 83.0
70 73 58.0
94 178 4.0
8 158 76.0
0 88 16.0
21 31 67.0
5 199 78.0
47 77 36.0
27 106 14.0
190 195 84.0
227 228 35.0
141 244 84.0
150 219 54.0
23 194 89.0
4 132 8.0
201 209 54.0
27 134 93.0
178 245 88.0
72 138 27.0
190 225 29.0
111 146 70.0
170 223 69.0
140 142 91.0
113 186 36.0
62 64 47.0
37 94 99.0
127 160 28.0
48 98 83.0
52 197 11.0
24 65 43.0
150 184 72.0
80 244 8.0
177 226 36.0
64 189 45.0
48 245 94.0
60 122 99.0
123 200 34.0
60 118 93.0
71 192 90.0
14 186 4.0
2 220 21.0
117 216 14.0
17 28 37.0
159 183 60.0
121 165 39.0
110 238 31.0
6 9 84.0
99 202 85.0
24 55 51.0
172 191 97.0
182 224 34.0
47 90 78.0
6 57 25.0
72 76 30.0
8 182 61.0
11 58 41.0
40 74 93.0
76 220 84.0
32 68 4.0
119 167 59.0
75 182 50.0
80 144 85.0
124 145 97.0
33 237 30.0
175 183 25.0
29 159 32.0
167 233 85.0
42 81 42.0
216 217 68.0
59 103 36.0
44 136 79.0
102 194 34.0
7 25 14.0
160 236 58.0
26 107 54.0
13 73 50.0
61 193 75.0
78 247 9.0
185 238 93.0
41 90 24.0
46 228 75.0
106 165 6.0
25 213 65.0
239 242 86.0
58 156 13.0
151 174 49.0
35 135 28.0
91 169 25.0
137 186 93.0
37 88 21.0
104 124 2.0
9 57 10.0
177 246 47.0
126 132 91.0
175 186 17.0
58 97 76.0
22 194 77.0
104 200 77.0
186 209 86.0
93 241 98.0
19 93 35.0
141 224 57.0
76 138 8.0
139 225 64.0
122 141 94.0
71 172 59.0
61 161 98.0
122 182 81.0
203 230 70.0
126 130 42.0
3 236 39.0
74 128 79.0
66 241 33.0
151 227 53.0
85 88 42.0
145 175 62.0
55 64 73.0
25 188 99.0
79 157 7.0
38 237 67.0
28 196 42.0
42 139 19.0
29 107 38.0
45 212 60.0
147 214 9.0
22 181 27.0
2 39 74.0
60 141 52.0
96 111 18.0
135 207 30.0
8 200 17.0
16 227 53.0
117 217 54.0
115 149 3.0
184 219 96.0
17 120 64.0
9 146 8.0
134 167 86.0
131 133 64.0
71 87 79.0
67 218 27.0
15 128 30.0
60 116 88.0
11 156 37.0
135 214 42.0
50 229 74.0
34 161 27.0
114 157 59.0
46 101 22.0
99 101 33.0
127 140 80.0
153 222 80.0
36 240 35.0
20 164 38.0
34 105 89.0
243 247 40.0
108 147 46.0
37 167 1.0
56 192 1.0
19 31 68.0
63 177 4.0
57 184 42.0
20 109 81.0
4 157 64.0
31 141 71.0
129 239 3.0
37 178 99.0
62 69 72.0
40 53 37.0
134 184 97.0
8 123 88.0
161 230 64.0
23 38 40.0
148 203 78.0
15 45 79.0
88 178 6.0
20 66 50.0
2 76 37.0
2 223 20.0
19 60 61.0
37 121 80.0
43 163 45.0
130 204 81.0
37 233 63.0
59 221 2.0
65 189 63.0
131 248 78.0
208 247 13.0
4 130 44.0
205 247 93.0
148 195 99.0
24 64 92.0
31 80 41.0
16 228 63.0
39 237 14.0
42 185 5.0
111 117 74.0
161 193 100.0
51 54 90.0
68 147 67.0
179 246 55.0
17 196 36.0
95 128 55.0
92 137 78.0
77 84 77.0
153 247 35.0
78 208 71.0
3 174 22.0
18 82 58.0
66 154 90.0
32 86 57.0
40 95 84.0
8 104 24.0
75 224 98.0
3 58 65.0
31 93 63.0
183 186 82.0
56 95 63.0
27 150 49.0
131 162 81.0
191 192 99.0
91 143 44.0
15 95 87.0
2 170 96.0
179 201 64.0
58 177 17.0
52 231 68.0
37 98 49.0
193 196 99.0
119 184 59.0
7 114 39.0
73 211 79.0
81 164 13.0
6 129 35.0
83 148 39.0
106 176 84.0
208 222 73.0
7 213 48.0
56 191 66.0
167 217 100.0
10 127 67.0
16 18 50.0
162 172 77.0
21 144 88.0
101 202 57.0
115 220 18.0
142 207 75.0
109 110 49.0
18 240 59.0
27 184 48.0
84 149 50.0
14 201 40.0
77 249 73.0
226 229 85.0
163 218 59.0
61 89 51.0
50 92 10.0
175 209 52.0
40 128 41.0
120 196 23.0
66 93 15.0
90 199 1.0
162 235 70.0
103 221 13.0
5 77 70.0
13 130 64.0
129 242 47.0
30 73 32.0
43 54 40.0
12 196 70.0
128 189 19.0
87 192 58.0
12 123 92.0
5 156 19.0
49 85 65.0
101 162 59.0
6 146 68.0
206 219 73.0
123 196 100.0
79 114 84.0
19 26 51.0
107 116 7.0
51 108 40.0
85 132 91.0
192 208 29.0
197 231 88.0
35 127 40.0
45 135 20.0
235 248 52.0
98 121 93.0
39 76 50.0
107 159 16.0
33 169 13.0
234 240 64.0
132 197 82.0
99 191 58.0
26 29 27.0
6 184 58.0
54 135 93.0
16 46 2.0
101 180 16.0
99 172 8.0
19 241 88.0
107 145 18.0
192 210 79.0
42 225 11.0
32 147 18.0
75 171 24.0
121 176 10.0
27 176 79.0
161 196 71.0
57 146 38.0
125 187 25.0
113 179 49.0
116 145 54.0
13 67 33.0
39 125 68.0
5 11 67.0
61 152 87.0
10 160 69.0
63 86 95.0
167 184 9.0
75 123 8.0
127 147 87.0
49 216 61.0
64 128 18.0
168 207 42.0
177 229 12.0
148 171 41.0
16 136 10.0
30 193 6.0
75 144 11.0
18 234 17.0
61 213 98.0
83 213 40.0
76 90 38.0
152 193 30.0
38 181 21.0
137 198 98.0
31 66 34.0
142 160 12.0
0 217 45.0
202 207 99.0
34 230 38.0
44 169 100.0
45 128 63.0
32 108 18.0
60 145 19.0
43 65 28.0
57 111 31.0
185 225 71.0
147 160 33.0
98 176 43.0
133 153 94.0
59 132 100.0
1 198 30.0
18 136 54.0
38 125 9.0
2 125 43.0
45 189 66.0
40 56 29.0
120 209 43.0
24 239 91.0
136 169 31.0
49 117 82.0
32 160 17.0
115 198 73.0
83 225 59.0
157 193 5.0
117 232 7.0
117 119 64.0
91 199 16.0
85 217 48.0
101 235 63.0
65 242 81.0
75 230 80.0
23 187 64.0
171 190 62.0
168 191 30.0
75 148 93.0
150 176 36.0
135 212 36.0
43 218 15.0
54 65 60.0
1 29 29.0
50 177 26.0
25 231 91.0
161 213 57.0
1 159 80.0
117 126 11.0
50 137 79.0
11 151 36.0
46 234 6.0
67 130 98.0
90 143 48.0
111 242 20.0
176 219 80.0
151 236 16.0
186 198 24.0
191 212 53.0
38 169 39.0
114 197 73.0
171 225 70.0
65 232 51.0
51 135 56.0
44 227 81.0
86 236 94.0
1 215 32.0
7 197 51.0
191 207 47.0
101 234 97.0
11 44 51.0
17 86 28.0
111 184 87.0
45 65 94.0
101 142 89.0
17 201 75.0
129 184 26.0
66 81 89.0
87 208 53.0
73 86 94.0
1 26 34.0
50 246 20.0
69 239 18.0
143 199 64.0
129 219 2.0
198 220 79.0
32 163 52.0
3 86 99.0
153 248 76.0
4 30 76.0
13 163 48.0
53 69 38.0
170 198 40.0
17 246 87.0
17 63 9.0
18 169 98.0
126 232 65.0
103 176 59.0
181 240 64.0
18 181 34.0
176 231 59.0
181 234 33.0
154 170 52.0
154 223 41.0
125 154 23.0
20 125 38.0
