500 1333 30
0 14
1 13
2 25
3 15
4 14
5 2
6 7
7 7
8 9
9 13
10 20
11 2
12 9
13 10
14 15
15 28
16 3
17 14
18 11
19 22
20 28
21 0
22 6
23 4
24 21
25 23
26 13
27 15
28 5
29 9
30 29
31 19
32 8
33 26
34 4
35 27
36 14
37 26
38 5
39 22
40 15
41 21
42 8
43 28
44 14
45 9
46 11
47 23
48 14
49 24
50 13
51 10
52 17
53 25
54 12
55 13
56 12
57 8
58 11
59 5
60 12
61 18
62 11
63 8
64 23
65 6
66 9
67 11
68 25
69 6
70 1
71 25
72 29
73 8
74 28
75 14
76 24
77 13
78 15
79 24
80 12
81 3
82 18
83 14
84 4
85 0
86 21
87 8
88 15
89 13
90 12
91 8
92 10
93 4
94 0
95 25
96 24
97 7
98 22
99 23
100 8
101 1
102 3
103 8
104 22
105 12
106 25
107 2
108 8
109 3
110 16
111 6
112 21
113 24
114 11
115 11
116 3
117 0
118 29
119 10
120 12
121 22
122 10
123 23
124 19
125 7
126 28
127 29
128 6
129 22
130 6
131 21
132 24
133 9
134 1
135 17
136 17
137 13
138 29
139 2
140 3
141 18
142 22
143 19
144 5
145 20
146 16
147 0
148 18
149 18
150 3
151 16
152 5
153 3
154 26
155 24
156 20
157 23
158 19
159 3
160 13
161 24
162 12
163 20
164 10
165 23
166 16
167 12
168 10
169 17
170 6
171 15
172 1
173 1
174 5
175 0
176 0
177 1
178 14
179 21
180 4
181 14
182 20
183 28
184 27
185 0
186 15
187 4
188 26
189 23
190 25
191 10
192 15
193 20
194 10
195 11
196 2
197 12
198 24
199 20
200 18
201 28
202 22
203 27
204 4
205 28
206 4
207 15
208 4
209 5
210 10
211 18
212 24
213 27
214 24
215 25
216 13
217 24
218 9
219 24
220 15
221 1
222 4
223 2
224 19
225 23
226 3
227 1
228 7
229 13
230 10
231 21
232 27
233 18
234 0
235 9
236 12
237 14
238 7
239 19
240 3
241 0
242 5
243 25
244 10
245 2
246 13
247 11
248 3
249 0
250 5
251 14
252 12
253 1
254 27
255 20
256 20
257 2
258 28
259 8
260 6
261 16
262 2
263 19
264 28
265 18
266 17
267 2
268 12
269 0
270 20
271 6
272 11
273 19
274 21
275 5
276 1
277 2
278 4
279 23
280 27
281 14
282 24
283 21
284 7
285 19
286 11
287 21
288 9
289 7
290 13
291 26
292 4
293 5
294 27
295 19
296 15
297 7
298 6
299 21
300 16
301 4
302 6
303 1
304 27
305 20
306 22
307 7
308 28
309 3
310 26
311 14
312 0
313 17
314 16
315 16
316 24
317 8
318 29
319 10
320 5
321 1
322 25
323 4
324 12
325 16
326 2
327 6
328 9
329 0
330 17
331 26
332 29
333 5
334 1
335 21
336 17
337 21
338 16
339 29
340 25
341 25
342 17
343 7
344 18
345 29
346 1
347 25
348 29
349 24
350 8
351 28
352 27
353 25
354 22
355 22
356 27
357 15
358 29
359 4
360 17
361 22
362 9
363 1
364 15
365 8
366 7
367 25
368 20
369 5
370 1
371 29
372 20
373 13
374 19
375 27
376 22
377 18
378 18
379 13
380 9
381 10
382 28
383 10
384 1
385 21
386 20
387 27
388 20
389 23
390 2
391 26
392 6
393 0
394 29
395 29
396 17
397 7
398 28
399 3
400 21
401 18
402 23
403 10
404 8
405 6
406 3
407 13
408 0
409 6
410 22
411 22
412 1
413 25
414 8
415 25
416 5
417 0
418 13
419 17
420 26
421 25
422 0
423 25
424 4
425 3
426 7
427 29
428 6
429 11
430 18
431 3
432 23
433 13
434 15
435 5
436 5
437 27
438 26
439 1
440 10
441 24
442 29
443 9
444 10
445 15
446 2
447 17
448 26
449 13
450 20
451 16
452 21
453 5
454 24
455 8
456 0
457 29
458 11
459 7
460 13
461 13
462 17
463 7
464 0
465 17
466 9
467 4
468 1
469 28
470 23
471 22
472 26
473 29
474 2
475 22
476 0
477 0
478 29
479 3
480 6
481 22
482 29
483 21
484 29
485 15
486 11
487 29
488 18
489 10
490 28
491 4
492 27
493 9
494 23
495 29
496 16
497 20
498 5
499 16
308 361 63.0
26 65 26.0
146 194 60.0
37 184 24.0
125 284 57.0
201 210 58.0
252 313 99.0
213 320 52.0
86 200 8.0
215 230 7.0
176 223 31.0
424 462 44.0
144 249 5.0
102 451 23.0
119 495 34.0
149 226 93.0
21 350 42.0
23 324 81.0
285 407 56.0
163 297 13.0
207 493 75.0
9 153 28.0
160 207 24.0
191 412 19.0
28 402 38.0
126 306 78.0
105 482 49.0
82 247 16.0
94 410 89.0
15 344 70.0
25 91 47.0
148 348 50.0
148 422 95.0
123 223 24.0
140 395 85.0
94 277 46.0
212 351 79.0
170 238 20.0
11 186 49.0
183 388 1.0
51 394 40.0
24 329 12.0
69 351 52.0
99 130 52.0
133 340 42.0
13 439 32.0
197 356 63.0
55 486 76.0
35 407 24.0
199 364 80.0
294 400 72.0
228 489 84.0
294 387 23.0
468 483 88.0
46 380 12.0
112 176 86.0
20 332 51.0
152 193 48.0
204 333 49.0
478 479 6.0
110 315 60.0
79 270 77.0
12 90 34.0
318 358 93.0
233 345 92.0
192 315 83.0
127 490 70.0
240 263 21.0
112 389 40.0
135 178 94.0
75 441 67.0
129 210 26.0
186 236 32.0
154 483 13.0
150 389 8.0
446 466 73.0
167 350 40.0
296 337 35.0
411 460 40.0
114 245 78.0
205 279 22.0
71 342 72.0
182 344 72.0
176 389 83.0
178 304 18.0
274 460 30.0
164 252 76.0
182 326 85.0
47 335 44.0
253 442 96.0
57 372 21.0
38 169 11.0
136 353 9.0
70 472 75.0
129 201 30.0
86 414 30.0
460 473 36.0
165 217 17.0
420 447 97.0
123 176 18.0
181 441 81.0
411 473 17.0
93 310 22.0
198 333 15.0
35 285 65.0
254 458 59.0
233 281 77.0
277 410 20.0
22 199 77.0
103 281 45.0
6 476 26.0
74 239 55.0
192 316 13.0
236 300 94.0
70 101 79.0
128 497 13.0
254 485 23.0
42 278 31.0
64 292 69.0
86 116 93.0
373 496 62.0
200 414 93.0
157 299 93.0
85 115 1.0
116 122 11.0
117 476 63.0
123 352 16.0
129 406 61.0
211 215 38.0
90 343 56.0
82 366 1.0
218 435 46.0
348 422 92.0
158 354 67.0
117 353 55.0
21 167 24.0
91 424 83.0
305 457 24.0
284 308 7.0
42 403 16.0
275 410 85.0
286 494 89.0
290 470 85.0
284 361 24.0
382 445 99.0
48 312 22.0
120 383 42.0
151 342 96.0
160 365 59.0
189 391 33.0
416 470 53.0
346 499 55.0
105 229 64.0
38 466 82.0
84 151 75.0
0 74 40.0
382 459 37.0
25 424 36.0
38 446 92.0
111 477 34.0
270 306 20.0
287 437 16.0
335 439 36.0
224 345 26.0
228 376 50.0
281 345 78.0
247 366 100.0
112 150 33.0
154 468 38.0
276 432 5.0
27 78 80.0
227 418 46.0
84 342 76.0
191 403 37.0
207 365 26.0
89 480 37.0
444 483 1.0
125 308 61.0
48 145 8.0
25 179 45.0
17 358 26.0
126 270 15.0
198 416 3.0
329 442 8.0
198 204 38.0
73 282 59.0
107 211 97.0
118 365 36.0
22 364 40.0
155 309 81.0
96 367 98.0
387 400 1.0
149 185 32.0
421 498 94.0
59 360 8.0
82 385 44.0
315 316 60.0
143 327 3.0
211 230 42.0
377 494 5.0
300 386 24.0
352 389 51.0
15 182 63.0
193 243 11.0
168 349 92.0
445 459 68.0
95 349 36.0
89 227 46.0
159 283 52.0
158 401 67.0
11 236 27.0
79 306 18.0
39 197 52.0
58 384 63.0
142 305 87.0
53 305 45.0
245 376 89.0
183 271 45.0
47 439 24.0
250 492 60.0
151 286 43.0
87 427 22.0
357 477 82.0
234 301 16.0
267 322 90.0
433 452 73.0
323 440 26.0
193 465 5.0
61 475 50.0
242 340 37.0
135 304 21.0
238 377 89.0
370 399 14.0
88 255 45.0
7 55 65.0
33 368 58.0
95 312 4.0
185 226 13.0
372 466 9.0
162 443 92.0
374 398 48.0
138 467 49.0
331 432 28.0
259 299 56.0
36 296 32.0
99 249 6.0
24 106 72.0
239 388 12.0
7 486 94.0
68 391 10.0
376 489 90.0
175 264 60.0
104 246 32.0
67 348 62.0
139 328 34.0
274 411 63.0
4 93 47.0
247 385 11.0
77 336 57.0
255 369 16.0
42 191 63.0
103 345 91.0
0 239 86.0
8 77 1.0
153 311 93.0
28 260 74.0
121 475 25.0
257 491 44.0
225 237 21.0
274 317 21.0
23 295 43.0
142 457 18.0
174 291 71.0
229 482 34.0
45 295 86.0
85 113 37.0
266 379 33.0
426 453 46.0
275 277 7.0
83 436 24.0
0 135 18.0
218 395 1.0
14 171 40.0
321 443 49.0
155 463 90.0
91 179 27.0
12 104 11.0
279 427 79.0
274 473 8.0
24 442 71.0
219 453 60.0
224 259 5.0
99 144 74.0
312 349 72.0
472 473 1.0
368 448 48.0
325 487 79.0
157 221 15.0
309 463 84.0
91 452 10.0
480 481 26.0
231 496 46.0
17 318 34.0
133 242 30.0
4 310 5.0
205 427 83.0
16 305 69.0
28 244 74.0
96 155 65.0
152 243 29.0
118 372 43.0
171 469 41.0
190 396 46.0
261 449 60.0
34 179 25.0
76 347 21.0
76 242 3.0
12 343 71.0
72 221 23.0
71 84 1.0
144 428 57.0
13 47 2.0
59 474 30.0
154 444 32.0
384 458 46.0
283 449 69.0
39 219 2.0
9 301 48.0
33 448 80.0
81 260 11.0
218 357 11.0
114 315 51.0
219 479 58.0
7 482 67.0
3 270 47.0
143 378 27.0
110 316 54.0
49 248 60.0
83 324 4.0
317 323 63.0
9 311 6.0
101 472 70.0
75 355 24.0
304 383 83.0
98 394 36.0
254 384 78.0
111 280 18.0
136 220 67.0
107 215 87.0
188 444 67.0
7 419 66.0
46 283 88.0
326 484 3.0
183 239 24.0
78 94 84.0
122 428 7.0
301 336 49.0
411 450 36.0
399 497 90.0
78 410 81.0
269 455 100.0
413 415 19.0
66 187 3.0
50 206 74.0
56 469 25.0
177 377 42.0
256 361 89.0
140 347 85.0
331 419 56.0
53 256 54.0
330 364 86.0
256 308 39.0
31 307 35.0
206 268 26.0
237 454 87.0
118 169 61.0
241 331 46.0
18 462 2.0
372 446 60.0
71 151 18.0
114 192 19.0
69 297 85.0
108 498 5.0
20 29 48.0
268 371 85.0
290 416 76.0
339 374 40.0
44 318 77.0
41 295 65.0
16 142 50.0
96 225 69.0
271 388 43.0
191 278 96.0
244 402 3.0
208 267 62.0
353 476 34.0
238 286 35.0
29 340 78.0
1 190 22.0
145 312 55.0
274 323 67.0
10 491 66.0
279 440 47.0
10 212 99.0
297 351 87.0
278 412 93.0
33 141 42.0
113 251 36.0
97 417 9.0
253 329 10.0
333 416 45.0
53 457 23.0
96 371 66.0
54 203 94.0
131 265 65.0
295 324 35.0
16 256 50.0
14 161 23.0
210 213 35.0
102 254 14.0
120 438 42.0
131 214 3.0
260 402 93.0
126 222 50.0
140 218 33.0
156 258 55.0
293 470 14.0
87 401 68.0
31 261 77.0
323 423 26.0
314 447 29.0
111 357 70.0
107 230 17.0
123 213 73.0
210 320 80.0
150 173 28.0
41 336 7.0
55 419 47.0
114 376 53.0
319 353 1.0
124 319 61.0
76 134 60.0
380 393 39.0
237 273 100.0
124 148 90.0
152 409 54.0
234 465 23.0
357 435 83.0
213 352 3.0
155 225 7.0
163 388 87.0
54 405 1.0
137 156 42.0
162 321 35.0
208 408 57.0
208 322 97.0
360 373 25.0
341 390 53.0
291 293 62.0
228 441 54.0
57 446 56.0
174 209 32.0
19 382 38.0
41 45 97.0
263 445 94.0
393 462 91.0
34 282 71.0
97 156 20.0
393 424 7.0
189 484 39.0
225 367 56.0
124 422 31.0
248 355 51.0
161 273 89.0
229 269 47.0
266 423 37.0
196 459 20.0
149 232 49.0
313 433 24.0
31 159 1.0
141 200 11.0
178 383 58.0
164 433 11.0
231 375 46.0
290 293 22.0
23 83 92.0
275 300 96.0
132 366 27.0
197 219 84.0
354 401 96.0
159 449 68.0
115 137 12.0
179 452 66.0
168 437 51.0
222 350 96.0
6 353 86.0
118 160 71.0
39 337 68.0
414 475 96.0
138 232 26.0
366 385 96.0
257 455 71.0
109 278 77.0
168 287 39.0
65 322 20.0
21 222 48.0
2 142 34.0
179 424 44.0
401 488 72.0
145 404 25.0
132 247 45.0
370 430 93.0
80 276 80.0
36 337 82.0
71 100 74.0
248 457 100.0
87 488 13.0
439 451 10.0
283 380 69.0
29 133 47.0
225 309 79.0
100 408 40.0
108 471 33.0
177 238 7.0
397 476 88.0
30 299 47.0
124 348 3.0
161 214 17.0
108 358 96.0
123 201 53.0
252 433 46.0
140 435 51.0
11 78 48.0
205 440 88.0
117 397 60.0
69 163 90.0
55 487 21.0
265 287 74.0
177 454 70.0
78 277 94.0
107 146 16.0
174 346 5.0
383 438 40.0
46 159 95.0
240 445 37.0
49 457 94.0
77 188 73.0
164 452 82.0
3 79 40.0
306 350 27.0
347 395 25.0
75 228 32.0
84 456 32.0
209 316 10.0
280 477 2.0
89 418 59.0
49 355 57.0
63 138 56.0
80 432 70.0
153 234 22.0
441 489 18.0
214 265 62.0
104 343 4.0
56 60 62.0
163 351 65.0
109 412 84.0
431 481 18.0
254 451 52.0
125 253 84.0
102 439 25.0
107 194 14.0
9 41 39.0
18 132 35.0
126 350 26.0
240 382 87.0
411 472 72.0
71 456 85.0
219 478 64.0
228 245 87.0
119 402 90.0
219 426 87.0
44 358 99.0
44 471 55.0
219 356 10.0
182 484 68.0
199 330 32.0
23 289 43.0
245 315 75.0
170 286 4.0
243 465 23.0
195 224 95.0
130 271 50.0
97 190 51.0
268 367 69.0
113 115 52.0
20 181 29.0
38 118 25.0
164 172 81.0
230 266 11.0
32 467 15.0
74 130 30.0
170 484 62.0
382 425 15.0
264 449 64.0
221 299 76.0
14 214 84.0
21 490 43.0
258 488 37.0
22 221 81.0
38 372 14.0
317 440 61.0
191 392 63.0
139 262 96.0
30 195 66.0
359 413 36.0
392 412 92.0
338 430 41.0
434 454 14.0
10 257 37.0
92 169 89.0
203 405 83.0
88 369 41.0
277 477 17.0
220 353 70.0
325 328 13.0
19 425 16.0
300 410 22.0
197 337 59.0
26 272 36.0
71 286 40.0
35 464 76.0
267 408 78.0
110 245 77.0
189 434 3.0
8 336 69.0
285 406 21.0
424 452 76.0
39 478 81.0
244 264 73.0
129 320 88.0
250 486 43.0
20 441 64.0
48 321 35.0
193 409 2.0
180 185 43.0
43 396 46.0
73 322 10.0
256 305 43.0
44 181 40.0
311 409 31.0
54 209 66.0
60 413 11.0
434 484 68.0
211 423 82.0
62 89 30.0
360 496 6.0
257 394 73.0
128 399 26.0
241 269 97.0
65 208 42.0
65 272 33.0
132 462 52.0
163 271 73.0
43 141 35.0
241 419 1.0
169 207 33.0
60 406 76.0
100 220 77.0
387 399 74.0
170 326 5.0
425 459 65.0
194 246 74.0
101 246 27.0
250 262 5.0
60 320 60.0
214 273 75.0
66 271 8.0
275 386 45.0
150 226 75.0
50 52 33.0
360 474 50.0
394 455 17.0
258 354 57.0
62 330 65.0
117 220 92.0
14 469 99.0
201 223 68.0
335 451 35.0
333 499 31.0
263 375 9.0
405 431 92.0
224 299 19.0
147 275 5.0
139 487 74.0
36 356 37.0
314 420 99.0
168 312 56.0
298 390 10.0
317 411 31.0
161 464 56.0
312 404 54.0
226 389 64.0
11 27 45.0
285 464 21.0
426 448 91.0
359 415 18.0
282 366 16.0
89 165 7.0
367 371 94.0
316 346 79.0
314 381 91.0
166 203 100.0
106 421 8.0
258 417 29.0
177 484 55.0
35 434 81.0
21 127 68.0
220 397 88.0
134 328 1.0
8 301 67.0
38 92 62.0
17 108 75.0
69 98 17.0
239 271 17.0
122 144 17.0
417 488 55.0
131 287 64.0
264 495 81.0
51 455 9.0
216 265 30.0
241 302 49.0
2 204 4.0
22 330 44.0
298 341 26.0
65 298 49.0
74 271 83.0
107 246 28.0
211 266 25.0
13 288 88.0
237 309 45.0
13 485 61.0
58 458 96.0
208 341 15.0
99 271 93.0
320 406 38.0
80 216 82.0
52 152 78.0
125 256 46.0
15 170 42.0
240 375 98.0
61 233 46.0
116 141 12.0
293 416 41.0
132 424 98.0
119 264 20.0
277 357 87.0
63 173 52.0
73 366 11.0
135 239 52.0
165 227 56.0
3 133 9.0
282 322 65.0
68 407 96.0
200 475 10.0
62 93 88.0
58 254 25.0
289 362 82.0
173 378 3.0
92 429 85.0
104 194 35.0
375 496 58.0
156 417 25.0
63 81 36.0
139 325 14.0
337 356 39.0
112 173 39.0
29 242 38.0
290 369 46.0
108 421 71.0
206 461 92.0
419 482 7.0
222 270 44.0
209 291 52.0
10 98 54.0
419 432 98.0
174 316 25.0
52 243 89.0
80 235 23.0
115 363 53.0
72 299 9.0
195 299 47.0
229 491 100.0
181 332 29.0
45 474 3.0
149 150 7.0
370 387 6.0
149 180 5.0
2 16 61.0
379 458 21.0
202 405 40.0
169 493 82.0
2 333 11.0
4 481 76.0
196 445 55.0
195 345 50.0
35 68 98.0
141 368 61.0
257 269 13.0
73 267 75.0
66 99 87.0
164 179 75.0
84 494 1.0
9 336 83.0
83 289 71.0
262 334 79.0
354 363 49.0
419 487 100.0
162 343 90.0
232 467 16.0
449 495 60.0
76 133 25.0
288 485 84.0
98 257 79.0
438 450 6.0
196 392 91.0
134 347 64.0
323 473 70.0
101 120 23.0
111 435 58.0
162 383 33.0
196 288 80.0
180 232 31.0
40 112 60.0
64 163 42.0
145 443 90.0
40 68 26.0
356 426 80.0
66 144 45.0
403 445 60.0
60 469 96.0
401 427 49.0
276 487 39.0
27 277 77.0
242 334 49.0
0 130 72.0
203 492 48.0
124 303 58.0
338 362 22.0
34 424 2.0
439 485 91.0
31 449 60.0
57 184 6.0
37 321 5.0
190 417 91.0
230 379 21.0
121 233 60.0
131 309 100.0
113 381 85.0
312 321 14.0
427 488 44.0
67 234 53.0
78 236 79.0
131 463 56.0
302 404 74.0
20 133 75.0
72 121 83.0
128 370 8.0
168 404 96.0
145 321 98.0
450 472 27.0
44 75 24.0
131 437 61.0
276 325 80.0
434 464 87.0
149 173 40.0
18 380 28.0
393 433 82.0
41 311 90.0
81 244 38.0
70 246 48.0
236 410 2.0
35 391 23.0
177 434 37.0
56 235 54.0
68 285 5.0
50 268 55.0
163 239 79.0
122 141 5.0
137 258 45.0
185 352 38.0
98 212 86.0
289 436 9.0
3 222 70.0
217 330 51.0
114 489 43.0
264 380 52.0
79 167 89.0
228 355 11.0
251 381 59.0
34 272 47.0
136 456 53.0
134 140 47.0
76 334 78.0
276 419 75.0
79 350 78.0
7 250 64.0
61 281 93.0
1 411 81.0
319 456 13.0
41 77 61.0
77 154 14.0
40 176 67.0
56 413 89.0
131 273 41.0
254 379 75.0
67 124 83.0
360 375 97.0
44 108 34.0
291 346 85.0
266 440 47.0
1 450 44.0
59 374 64.0
129 223 67.0
262 492 57.0
77 444 29.0
311 465 96.0
124 456 84.0
72 187 80.0
52 409 44.0
246 343 29.0
161 237 80.0
448 453 5.0
431 480 77.0
4 212 69.0
103 478 78.0
18 327 48.0
5 278 5.0
1 417 3.0
73 385 75.0
321 343 85.0
62 165 30.0
422 456 81.0
3 332 96.0
93 480 64.0
55 139 7.0
121 345 43.0
294 370 8.0
0 99 92.0
134 435 56.0
317 417 72.0
2 457 88.0
51 404 1.0
116 144 15.0
132 385 1.0
83 154 80.0
188 303 26.0
135 438 56.0
421 471 62.0
177 237 46.0
110 499 4.0
44 355 63.0
19 398 42.0
406 469 17.0
186 490 38.0
34 366 11.0
27 357 40.0
184 446 99.0
310 351 12.0
6 319 46.0
254 439 43.0
35 189 51.0
44 332 26.0
107 472 76.0
185 389 34.0
212 491 2.0
137 363 59.0
134 139 70.0
121 259 97.0
14 464 73.0
27 218 24.0
50 160 48.0
329 421 94.0
267 344 71.0
132 327 80.0
241 455 59.0
424 433 55.0
380 449 98.0
60 415 38.0
90 184 1.0
85 363 28.0
171 216 75.0
235 276 10.0
290 291 27.0
26 282 60.0
15 267 85.0
454 464 53.0
289 474 67.0
116 187 86.0
69 239 60.0
79 332 21.0
438 472 96.0
303 319 100.0
129 176 47.0
64 271 77.0
121 224 19.0
27 222 42.0
263 403 39.0
97 137 63.0
320 415 11.0
16 284 82.0
429 446 27.0
27 127 17.0
367 377 22.0
64 310 73.0
14 216 35.0
165 418 41.0
89 93 52.0
366 424 69.0
147 277 91.0
24 125 92.0
27 395 14.0
97 396 74.0
3 347 38.0
26 34 88.0
106 125 69.0
14 265 25.0
269 491 3.0
380 462 92.0
482 492 49.0
179 272 40.0
255 290 19.0
15 408 88.0
15 286 90.0
5 109 55.0
341 408 13.0
279 458 85.0
245 355 77.0
213 415 17.0
339 409 27.0
4 351 87.0
367 461 74.0
205 417 34.0
233 475 88.0
423 472 51.0
105 202 65.0
37 95 25.0
103 479 41.0
246 472 6.0
353 456 67.0
168 265 94.0
158 363 82.0
163 310 15.0
251 368 55.0
29 334 84.0
323 472 6.0
68 385 34.0
187 292 68.0
461 494 66.0
235 413 54.0
47 288 86.0
62 292 28.0
4 480 82.0
191 445 86.0
182 267 27.0
280 359 83.0
206 367 71.0
187 271 12.0
52 207 99.0
262 486 40.0
381 426 94.0
86 187 90.0
50 207 47.0
52 206 91.0
138 149 59.0
59 375 29.0
71 408 95.0
204 290 15.0
370 400 90.0
33 475 23.0
251 448 21.0
58 401 19.0
111 359 17.0
406 464 18.0
187 414 27.0
291 369 34.0
261 495 43.0
374 474 51.0
293 333 3.0
302 331 20.0
193 311 37.0
405 492 11.0
5 231 76.0
5 42 67.0
64 187 20.0
220 408 59.0
43 122 66.0
54 431 66.0
362 436 9.0
51 145 32.0
229 241 30.0
385 391 75.0
49 256 57.0
54 166 79.0
61 103 76.0
30 221 20.0
292 310 57.0
377 461 4.0
404 455 85.0
105 492 16.0
216 432 81.0
374 375 83.0
231 263 69.0
318 332 72.0
30 199 71.0
110 248 67.0
54 192 69.0
62 217 39.0
122 396 99.0
202 229 53.0
175 327 61.0
128 430 38.0
134 334 43.0
36 420 26.0
98 239 11.0
67 303 38.0
83 468 75.0
187 221 5.0
216 302 3.0
109 392 23.0
381 447 90.0
279 379 48.0
302 432 76.0
55 262 33.0
417 440 70.0
159 393 8.0
80 171 11.0
172 179 94.0
392 445 7.0
3 395 77.0
240 374 80.0
0 438 90.0
235 325 80.0
202 491 50.0
171 235 1.0
61 479 12.0
221 292 40.0
89 431 66.0
2 499 20.0
40 285 61.0
93 292 59.0
172 298 37.0
40 385 21.0
77 303 96.0
44 49 82.0
194 429 57.0
139 334 7.0
81 138 99.0
436 468 25.0
77 83 69.0
243 422 76.0
453 475 95.0
0 249 88.0
121 187 6.0
19 374 59.0
146 429 32.0
339 474 13.0
42 231 46.0
73 182 52.0
15 71 91.0
143 175 34.0
189 385 78.0
113 314 20.0
132 143 92.0
237 377 64.0
135 443 95.0
40 406 90.0
251 426 20.0
144 396 65.0
134 325 16.0
249 396 49.0
137 354 29.0
61 219 7.0
58 158 41.0
202 481 3.0
356 447 45.0
81 467 6.0
352 415 14.0
190 450 4.0
203 262 32.0
77 295 81.0
166 192 57.0
128 387 34.0
180 277 37.0
120 343 69.0
4 202 15.0
180 467 34.0
168 216 64.0
221 330 4.0
206 243 14.0
288 459 97.0
37 349 53.0
113 363 25.0
368 396 53.0
131 237 26.0
220 341 69.0
199 217 20.0
3 27 25.0
49 106 45.0
241 404 40.0
425 429 100.0
98 135 70.0
110 355 46.0
187 475 70.0
5 400 73.0
231 403 73.0
40 173 1.0
417 427 71.0
180 477 89.0
18 264 80.0
289 360 42.0
17 332 75.0
47 196 53.0
234 422 56.0
249 438 91.0
343 383 8.0
128 338 45.0
359 435 18.0
32 147 82.0
422 461 62.0
230 288 10.0
17 167 90.0
17 421 4.0
325 359 3.0
37 437 54.0
19 339 42.0
400 496 64.0
20 334 80.0
16 204 26.0
49 421 45.0
400 430 84.0
373 400 47.0
409 493 54.0
81 175 55.0
401 458 37.0
411 417 98.0
371 372 71.0
2 110 78.0
104 446 18.0
334 441 25.0
219 475 84.0
39 103 98.0
291 431 36.0
57 463 97.0
57 371 53.0
51 135 57.0
203 334 3.0
97 251 2.0
47 109 36.0
88 165 95.0
135 394 31.0
160 371 51.0
362 373 8.0
32 81 32.0
175 378 66.0
360 362 2.0
40 143 89.0
51 443 18.0
31 393 38.0
220 390 21.0
73 189 29.0
301 303 15.0
160 268 39.0
92 425 82.0
231 400 92.0
57 437 53.0
40 132 14.0
19 92 5.0
190 249 71.0
32 180 63.0
339 493 81.0
62 221 65.0
88 418 67.0
105 405 51.0
185 359 33.0
134 359 27.0
185 477 6.0
109 335 52.0
73 484 16.0
166 441 51.0
103 337 93.0
167 332 76.0
57 155 14.0
422 494 44.0
113 420 40.0
107 288 96.0
206 422 20.0
32 260 44.0
204 255 7.0
146 288 57.0
307 433 51.0
429 459 82.0
63 175 52.0
32 275 19.0
338 400 95.0
30 217 89.0
158 451 76.0
369 431 98.0
19 493 57.0
338 373 68.0
88 204 52.0
32 236 13.0
173 175 3.0
109 400 24.0
6 188 8.0
338 468 72.0
195 337 89.0
6 444 82.0
88 431 7.0
288 429 100.0
109 387 93.0
158 335 95.0
167 421 95.0
6 468 29.0
363 420 46.0
32 490 21.0
88 195 6.0
167 329 58.0
335 363 100.0
128 468 72.0
390 468 100.0
88 284 17.0
88 337 94.0
128 420 33.0
