673.464008609006 633.222662518377
681.7076127590248 811.3352352681388
965.0998538344896 195.70085145611847
678.5788001860209 93.28029510373959
779.6747250670651 490.54625079161787
247.32558875787115 980.2588292286002
9.424698581809942 491.15582555005756
645.5672260739714 373.6394379225838
88.42938280398971 654.1501830318213
153.16729186161214 704.9212257731493
709.6278469313553 503.796154246016
554.6481868829408 34.200939968689006
476.6700477471048 692.1759995104627
458.1855062599721 962.4523242219512
415.6500427662716 384.2878008281381
185.7390795636319 378.0749804434523
956.8402943410254 139.00512516970886
780.4608939734883 26.85479576928507
148.8340865165765 165.33087079028596
330.98203924385217 820.575533562494
750.4859804430698 126.1624228373055
657.5944048075958 5.662279471134735
900.3635892466688 598.1134570444013
98.04287073272621 764.4033044490529
947.5264686560408 25.963845653705796
100.32826543967121 199.8923505200797
69.16692969068671 313.577301627046
579.9689506821597 78.70252087308593
211.15810482539865 29.583406544120948
732.6193473486346 155.07709407880077
971.7057751051733 643.0986633959693
48.71494274413624 49.628783475232474
367.09107787726737 10.255455104512091
821.0363272463715 821.7377808265288
99.37088224088187 246.81268791357002
318.66522557005993 327.06123979346415
985.4288678090896 914.7190841134817
466.91072890614316 614.9370947688843
390.4699976711958 664.4942024688534
960.0987482883195 859.4374343884941
286.2476520924195 240.17939778551633
117.93283614606598 730.0395067624925
315.7620070565229 940.3245670920053
770.3791884349732 814.5942499734298
800.1360629005078 87.6887092996278
150.79902721401706 749.2294706274822
103.51154790553807 107.27681553191526
436.0727932136392 984.0023900764127
537.7224258654481 562.9179785561819
876.7567967091899 130.74704345808817
280.32528875791564 593.4782223521793
631.1259395881709 524.7576687464177
252.71720075477134 635.2553855882812
923.927191426746 121.47886003471508
806.2785762926726 332.315391311058
636.633769861578 349.8635734027794
438.4197979972413 310.09337452821273
402.9595604090412 611.469128015547
564.5833539531232 976.2931729609868
192.19351758560677 824.3189138800515
414.64362601117955 274.4335649974824
886.2611166121087 762.7397902148494
854.4129328549177 523.1051529796686
304.86206818036385 90.51808142813222
805.3077095330482 588.9872417059942
69.8685987884492 315.68326648447345
780.1844703644604 666.0976537746865
131.69779023712357 607.0264888575715
269.43069449677813 297.2542542974571
717.8586878686897 549.6099966236379
576.361991045097 750.8938757619908
147.46619923318082 460.04596644811414
878.357156048478 670.470810676441
141.23282198073906 289.864918875366
693.5469577012358 632.9005634435474
805.2657785888604 149.03893114583212
654.6810935806383 190.91855207991205
78.01712851069998 679.777884761697
559.4350051055306 75.51966234864915
704.1117030208582 59.54206993946754
516.5207587558076 363.3431982129582
259.15271351323435 58.57756975072937
185.00124462866674 247.46430524490782
58.947043058424356 766.9077355662431
165.07191172257274 485.2683567400001
797.8539392938259 963.4068135611969
808.9384354547443 744.753167199915
614.1296409019893 934.486909729493
998.7672332839994 414.890034463361
866.8723949272332 476.1038698991268
483.87968525645897 681.4679665899895
98.95940375974965 190.801201227223
352.4009865883272 700.0162743697135
801.2992879121425 507.18679319413826
530.041757916389 88.7402971606568
498.61174206995184 546.675664798885
314.98287517634674 494.42191494315205
715.7942383195917 870.7236514396533
666.5616513219165 540.05896445145
723.5110026981865 677.8936107712285
119.25021824017523 431.0957748994092
566.7956364560625 737.4999173989295
501.0225186813964 973.8576355307999
964.4747139710865 745.8977161801132
498.6004059106559 711.1196936553903
667.907166800543 404.6744849321444
932.2050579592037 47.56970486997625
519.4257909495298 783.552322070567
832.3582859534397 31.1630789137306
320.3608673188848 992.9932737806658
863.273590827552 242.73115551171142
520.3641076018654 160.48688851785187
328.5250661696697 198.43606098010537
825.1681120449762 955.5669044253766
828.7340385969665 231.27701490513797
780.7233714957083 960.400479401851
794.6203289566157 736.2653942105968
35.96217689857528 482.804994602659
361.75525101500074 630.0701583260533
163.9576200356946 10.787370664773421
592.2509659672268 684.045104059757
875.7972292565977 731.6552099646864
777.1511119214765 735.4096633793846
346.84168510435273 217.3908657572674
93.28361805476881 554.7135314873029
999.279949780231 77.15577245457783
676.4005398891961 51.39453386790327
606.2039440708578 12.004613119240837
27.492524968686595 993.7431810701814
354.8532781245248 273.42946366479816
722.931224292668 667.023514014782
420.0657777374013 464.9894417311046
170.40433206475493 202.9618570519286
692.8481817586303 146.60170983542486
626.2037025501868 214.65186085689436
645.160425187506 638.4217327183536
61.25405037744369 487.7791379863634
760.3365091028026 926.6018871951119
345.6951981981241 77.97033645295537
639.411497245118 283.05219400195614
618.0227466880127 151.48515761845226
811.761778633729 787.884998356236
936.8681349244833 167.0955040763501
231.5023973128263 134.92765061992796
734.8675179145346 704.6972325363713
558.102929515923 557.0295557662184
481.1953905504611 766.4361860741337
464.40986185224364 51.74842886453346
126.41215254645822 571.4779903809248
379.26093181421226 147.4089968745471
330.9302599526297 177.9009855315935
179.29164822677967 471.1262103612689
201.21162352126575 652.1977924184008
160.74576104927175 701.8404240373152
21.542414240553033 710.5338286402875
344.8884381004734 490.3539008595587
728.2233512314082 906.9778224891176
916.4937658377719 658.5091714188937
659.3481674327588 973.4860995698135
80.31994964882516 72.19911837413007
325.7242290772402 646.5745967935209
383.67797662884726 400.6651348904538
547.643041304184 641.3466591421341
746.5530426787778 579.9955368679434
33.130671624193695 203.70022172469072
914.5383433364813 495.0588518538802
749.7344396503419 275.7201643491237
675.9818169274581 2.8432783532038597
504.4769207027722 502.3451895929255
375.9907271941415 660.3300735389613
222.69266770356012 417.9110651167469
431.5009215667449 360.1631385366112
6.671347017048412 239.94637261372864
317.5254682564185 143.68635058929758
889.6645356401501 318.05645123992355
152.89133221360308 90.08104334732204
339.41070202693646 203.97331521027306
259.24872878991476 424.0588994635521
633.5954797502673 645.2064019739399
89.22329531462181 218.0616928580018
428.20564584600515 117.77509722810908
794.2364263268272 135.64190686229506
198.83015989942643 359.10563353223046
727.7836861995586 614.1627873325692
463.0948952545941 614.2872724821184
399.7703017276615 156.78145940014187
548.8090691258543 25.768446346392416
812.8108862508207 667.9372655453258
39.17811330836596 663.2694751247915
250.50412895210283 339.2300089862532
713.1437992670915 826.1567403641864
342.0553408659681 948.1804763758233
845.0734095061653 260.75291199975226
191.72804201932513 644.3077286678638
480.9649593049852 763.7369719232598
982.611933685788 687.7139921352316
398.30797888111357 886.5430961684052
949.6061480153152 880.7859220396647
977.3268684926596 267.0974662814668
912.30737460033 587.7682484783195
807.2830240548235 749.1681542685343
352.92299728275435 258.43833744994083
743.007670363972 400.25192686488543
771.9069712744501 322.2544907809808
981.5436059220822 245.78687378825802
610.1157458855755 901.5899527434761
274.30078060477047 561.2489850075625
326.9976778713236 654.7738040968235
92.03348065825145 359.4226499073874
851.7705015047972 315.5216466133768
356.8414679862751 259.9693726541492
526.8807693049657 804.0465654830994
729.1821440221676 532.7484278429782
380.1403526249737 232.55666389104513
413.263764135812 429.47865088249813
512.6007120337376 814.7269692347581
484.27784356205393 406.8524608151871
928.6682131992649 489.48141529183863
581.8931244411657 148.44903052104343
932.5329323065059 845.3454467964557
82.66994643941817 464.3398530115701
891.5832973408485 642.7068717954662
641.3287767594896 42.393281752407866
341.2879956507251 209.48738236770825
943.2337243486795 708.6303546532072
321.99690725192 460.6332672295418
374.33943954455174 153.0568522405108
876.5848949074675 454.9813553673339
790.3568889704759 188.7835362905329
664.8578365638315 424.12954195813626
509.37235229651947 818.6980645805579
234.24698867165804 902.1802615098946
369.3316680305634 109.92656496885766
935.6671754776202 740.0093229163658
134.81289375861283 667.824044441729
500.8706593317348 309.0926444317944
536.9407543633725 18.846949765673138
326.5189215074247 433.03322620035647
218.31976628298787 427.16953578289554
695.7585650958445 616.9297748743554
306.2467202981831 850.5845956773903
585.1325574510281 418.8896219047497
679.8427596918964 173.48947319826436
197.82365798687772 622.0774528221903
197.1405655181536 56.208153019264074
822.7704240789127 218.30235200382242
517.6760354063066 730.338591492171
188.16546770427212 239.1566123947313
871.5283093488399 161.7671426931325
728.1817327928011 703.9336602710656
692.0023024356693 329.53189767961777
820.3825348912786 920.7135668220512
20.066812299064818 196.85193297380056
990.3076659581866 34.852218237846785
520.0615992376838 943.2283329800683
995.7693880663327 389.6923583997679
951.8567979426648 103.44888185229718
669.2570103772413 481.4098842808751
697.4522294211877 926.365453195138
927.0994289222772 684.4083964179015
229.10451890119631 50.76824602435648
80.87840771364962 32.44447154624497
685.1423839598718 280.2831779685676
305.4337247738862 863.7053955203505
149.82892877699817 63.42113911519154
451.74853427851724 448.1896264268069
532.8122662988143 856.9896601091681
123.48170624786769 344.8434433972376
289.48256401981496 531.4685962204936
629.4787139694774 439.5760837737517
692.7302428671604 65.27830194518846
746.5194874670899 629.157917843488
42.355303433171954 275.0439681429576
363.62690832625765 433.6190166273144
618.0170238288715 806.8973243644441
512.227062286832 68.64069067988044
555.6285489502775 353.4505649435855
522.5606423524198 95.36035893496519
308.20522300574737 955.0263348513594
596.7182053050343 896.6430051103525
488.6931174919138 159.69499725001756
948.7908820945709 748.6265420707393
127.06689943931526 273.2877553592866
103.40040520116301 75.30776002360462
998.923620120261 81.11014539431017
329.3205567674119 315.6514456030054
193.76103189066453 451.74735980496104
467.6089350636773 486.8674705135705
453.1468936124984 909.3392548167052
99.26068964574985 808.7708737133022
966.8455312726791 321.73159829785413
900.0954993634706 344.375566369714
821.5190971874457 592.2810150276512
927.8100561339593 318.50973458365104
135.24704314429758 984.5004246566216
126.16460488122839 763.3545665333564
993.7909618704199 889.6225735497405
741.7991196188859 573.4538221989125
17.958048499005507 326.7186247211963
933.7844782102569 658.861634961755
529.9364472817995 33.688663637826636
125.74641995252888 690.4410285407389
549.691536431746 457.778457823781
50.13369125871403 596.4526362534389
631.9351581280325 659.6145089279025
927.4414182218077 145.1350239684259
683.8666425186776 47.15298453534589
32.93946645033974 20.190324311787688
982.3952254711021 89.98164277144205
360.31030947887774 474.34327594304483
790.5385693461687 518.380630922573
179.4889110996889 722.3018597976611
524.1798083522725 549.2171108979663
19.88489319390496 192.41494649858848
913.9276349027863 975.6781938309331
853.2740151212739 250.55086199532474
855.4286216140449 273.1742608939455
631.8654855140401 831.3541066037677
787.4616240079524 55.86361469412437
67.95239989943857 527.7548341124841
383.8957866421007 235.28630033079045
526.9390957049982 609.9047446605251
108.63770932462336 325.4972671806532
600.9061000987986 837.2668712573994
90.32152882027856 764.569219216314
586.1913315833549 299.7831669286347
208.21302157276 370.50318555420057
211.97769577443682 146.63574590308747
618.1731890373339 265.97117089570696
957.4324939614672 21.94216161443574
899.4151304069812 545.3564695715177
581.502001013972 385.5927780080975
739.2840562078017 121.11338921603209
971.3339354162886 252.7200922255708
707.4613833087507 226.60412616465598
448.7595084284907 991.734877484265
95.21483547343979 701.0586458133748
996.1983932411152 875.8155128360016
23.567931146090903 888.3970470004964
245.4031964216743 754.6770411680827
697.88948989581 156.28191221498255
40.3923440898295 374.63407632089917
160.92809710112965 464.84498486679604
496.0911911027881 668.355819401711
188.90085011774326 369.5112006585393
942.6437555419479 729.05277795061
906.4986342564292 279.6266063407935
649.9301772611337 160.7099121081884
125.32331010857001 580.6853278041206
507.6095766432984 525.2586498032942
663.8688311936575 9.83420210360675
725.8986377223672 542.2793499813212
357.03868416016127 203.07422705810274
48.73383610416293 496.1701360196183
677.7526076057102 972.5342609600642
836.6269988221414 145.3839914627746
941.8428088542607 888.6085378956082
551.5954252854532 141.49393635075847
793.0086713149872 44.16919326453272
499.53868863450214 235.66926801164934
194.02797567714214 846.8926739086577
982.4488320275807 90.84072839213097
76.04688397460802 859.1502323937452
732.998626570825 990.639656513358
908.036340979452 577.5262475320056
345.0939912248857 644.2485296158503
167.73705136492512 242.0650395901246
293.9831720294679 487.01714675213094
811.5792349578454 845.4733719996781
971.1761900201134 377.55414506882124
75.07978801410708 955.057004008813
323.43418567324125 529.0853035311989
389.9293570152693 618.8453648850445
191.5168120448133 884.6632160120887
247.03563704249865 788.7730753422288
255.13611620706334 869.1602728425258
802.7063214820015 205.14818370584442
234.80407240116864 446.105283945659
262.87475536002114 134.1585602843196
514.5707737946617 878.8247417322249
112.90190931844447 114.81520464926976
882.2898977871366 934.9933576817104
349.6681017280876 853.6797969608893
601.1671678595673 666.8866943116074
546.3450630919853 960.8891298580775
201.53329990989522 263.0198415321279
512.6457917173261 18.642978849147674
123.88186421687463 984.8918064195599
720.2379036837967 606.7806382575598
338.5023704359244 189.55739297331965
2.5174440533141107 375.2637254603122
256.7834680329045 320.7395476783791
387.61477977279947 944.3189805534174
110.30948689743225 151.81654216903073
641.1525607795802 521.1895088813636
610.5230292487024 144.99958861445384
724.990275820107 798.1277455622139
36.249931080587274 441.03546961131923
272.84440655641737 784.63031430056
74.55788718346423 980.3997318428485
146.311248147855 985.5819784028356
640.6440741211806 959.452694833241
206.1824893747184 22.794819655761913
331.61040470799117 930.0854582727795
564.0060299114919 517.156351680098
788.625850218717 365.5293835238548
366.706394922553 286.4736263169588
321.4187284060778 316.31404391703524
112.7743505418477 390.9123268152214
213.06223400063274 687.5442507138551
527.1661197763369 80.25689386477741
625.4097131863408 780.6589846141051
343.1855747219156 956.5017080931209
455.2154315388548 247.80737856626754
824.0741530957935 745.5272955039915
452.5199988564896 215.24363234465162
972.972316517638 288.17240025973933
681.1695854780247 877.2991883158384
874.9544509769269 434.24198831295
614.0529180179847 378.98284533523343
961.5875043179198 993.3513685709707
887.5690808202658 21.654355634489253
130.85438366255397 563.1410902452534
564.4917139818667 834.8609299100764
117.58870850409208 189.54735554660985
377.5367176369594 818.2188646001916
890.4661418197758 858.5673629959498
591.7333192750943 925.2036269887602
744.9224791120276 733.8031404283532
403.74029708976076 721.0456956305349
58.79423972597142 918.1691928489674
808.7146084295229 411.9998512056898
557.8898281810036 374.10017400123996
50.669800682291324 168.79164473509044
287.72409308119273 368.5285741030847
579.2664681825016 166.56305224565503
39.68375828798454 788.1360968872967
465.1706028500442 506.9431548310376
623.2430287067955 702.5706669501319
457.76330940797936 973.3950673067542
597.7106603141541 861.7273793830713
791.8598427772249 150.89016139172406
975.4642717181163 33.94163439352016
555.0586310687592 616.4434175556365
12.558240918719044 680.9359930572563
342.80529602051934 871.5442427736583
403.813859701728 649.4228432323947
949.4521690983697 984.1069538566192
840.885348338632 845.5671302785888
108.72057520431643 44.82172815491592
646.772842464112 756.3781881825361
497.76220591363096 980.2254492088512
70.22830608130471 183.37287804979007
905.6305173012597 834.3127467010675
299.662594094503 413.10984540914933
630.5629845154783 472.1764587459883
124.2159302327327 496.92397161434445
911.3968385317332 154.82617543908694
532.2147402765303 933.3635008844881
365.3316485281746 866.2781992770637
617.4149001515823 792.2299530544287
230.38347092751044 526.2781360771613
123.76452952429607 187.56592882312205
371.39685469615256 501.8612716054871
349.2695014734305 362.8598917900606
170.6025894802452 657.3735150580816
390.68775699234726 644.6922574362507
354.9298676743087 53.49593540888853
0.9356629775971737 707.9602753889734
415.96555219952035 334.03637490629245
960.995725650951 303.62508289981616
841.1735136015134 71.1674567421573
585.6736389011473 762.7763015978959
609.9823561687856 779.0054179428365
169.7275881927871 803.0979084302834
862.2823685179391 756.1149440508492
19.00963337527628 478.3055421255593
527.2641431979374 141.56868600812922
960.2949417846474 811.6142410254256
950.8076922191659 819.9110270662538
850.9435928075633 462.467851516598
822.8572732218834 452.7369460324487
667.6812696836918 395.8825421373696
10.819920850302589 701.9098507178406
239.72950218176837 376.1729918413984
505.08917790490995 936.3269490783805
647.3413861892942 347.16842862733654
606.0512910519939 321.36551947977586
652.3692877119138 920.9123325501737
779.4586819765516 191.83523537205804
612.5180098443371 0.5275051160825717
695.5251932944792 471.8422503634098
714.294241664076 338.82231379071226
318.90219878064073 654.9245617794214
212.75358673946675 452.1861255185288
156.5740920718488 11.392397787011621
205.52501104772912 894.1467407961134
43.175177581873946 988.6960351535179
866.228115067784 29.12790633425044
924.7441543889817 272.30577620781725
