100 215 10
0 3
1 4
2 7
3 8
4 3
5 2
6 5
7 2
8 4
9 5
10 1
11 3
12 6
13 1
14 0
15 4
16 0
17 7
18 3
19 6
20 9
21 2
22 0
23 5
24 2
25 7
26 6
27 1
28 7
29 0
30 6
31 9
32 0
33 5
34 8
35 4
36 8
37 2
38 1
39 6
40 3
41 7
42 0
43 6
44 1
45 7
46 9
47 2
48 0
49 6
50 9
51 0
52 4
53 2
54 2
55 8
56 4
57 6
58 7
59 8
60 9
61 2
62 6
63 7
64 4
65 2
66 0
67 6
68 9
69 6
70 6
71 4
72 8
73 0
74 3
75 5
76 3
77 6
78 1
79 8
80 5
81 3
82 0
83 8
84 5
85 1
86 5
87 9
88 3
89 5
90 8
91 8
92 9
93 0
94 1
95 9
96 0
97 0
98 7
99 9
8 61 8.0
63 96 76.0
9 44 99.0
14 82 82.0
14 96 41.0
12 34 88.0
0 60 72.0
14 63 81.0
26 54 54.0
20 85 47.0
34 86 89.0
77 87 36.0
32 56 3.0
3 9 12.0
93 98 53.0
41 69 44.0
4 99 90.0
22 25 63.0
95 98 14.0
59 83 73.0
20 61 78.0
13 46 41.0
73 85 27.0
63 82 100.0
78 80 99.0
57 61 56.0
26 84 67.0
81 95 35.0
28 42 63.0
72 97 59.0
49 69 87.0
25 36 37.0
8 57 48.0
25 86 94.0
32 68 83.0
56 81 17.0
16 94 28.0
88 89 74.0
6 65 59.0
12 62 26.0
5 74 91.0
61 85 93.0
48 97 87.0
10 47 75.0
41 49 81.0
32 81 14.0
22 36 44.0
31 39 68.0
21 43 19.0
42 79 41.0
87 94 35.0
22 76 69.0
30 38 44.0
32 98 23.0
3 65 20.0
15 29 22.0
35 85 98.0
38 88 92.0
7 38 88.0
23 65 12.0
16 34 26.0
11 13 20.0
12 58 71.0
54 84 28.0
11 59 12.0
17 36 20.0
39 53 18.0
57 73 41.0
22 34 84.0
25 34 39.0
52 75 10.0
62 86 93.0
6 92 82.0
31 53 43.0
32 95 62.0
23 44 36.0
19 60 66.0
47 90 79.0
61 73 73.0
23 64 59.0
3 6 83.0
45 52 72.0
5 33 25.0
77 94 10.0
74 92 33.0
34 58 82.0
30 88 24.0
17 25 92.0
50 56 62.0
18 79 69.0
72 92 17.0
48 63 77.0
15 39 94.0
21 75 4.0
43 52 32.0
83 96 21.0
18 99 40.0
18 28 67.0
51 76 70.0
29 31 81.0
54 60 25.0
17 24 84.0
43 93 10.0
65 90 44.0
44 65 38.0
11 46 54.0
0 64 47.0
27 60 87.0
40 42 25.0
11 83 87.0
45 89 2.0
27 54 42.0
66 78 92.0
35 79 53.0
53 71 63.0
7 55 56.0
45 70 32.0
6 74 90.0
50 81 57.0
11 35 38.0
57 78 52.0
4 18 65.0
27 67 94.0
21 68 63.0
33 74 7.0
7 30 50.0
82 83 86.0
48 82 41.0
28 40 94.0
13 35 95.0
17 86 72.0
29 30 30.0
51 82 41.0
2 40 7.0
73 79 60.0
58 94 61.0
65 92 1.0
27 84 70.0
50 51 38.0
30 89 27.0
42 73 8.0
67 91 47.0
3 74 85.0
22 94 59.0
47 65 24.0
45 88 49.0
22 51 18.0
77 99 14.0
13 85 67.0
48 74 86.0
19 64 57.0
20 46 42.0
73 80 90.0
50 95 5.0
51 83 52.0
48 83 70.0
51 94 34.0
52 55 98.0
40 80 73.0
43 68 53.0
70 75 86.0
64 90 48.0
46 61 74.0
39 71 22.0
1 66 94.0
47 92 76.0
0 91 73.0
40 73 76.0
19 47 38.0
36 51 36.0
29 89 56.0
33 46 69.0
55 95 35.0
4 59 58.0
52 93 69.0
19 69 37.0
1 33 91.0
24 62 3.0
64 91 78.0
37 95 83.0
68 75 12.0
54 69 90.0
94 99 13.0
41 84 72.0
17 37 13.0
47 69 18.0
1 9 80.0
45 53 21.0
47 49 59.0
30 55 83.0
51 56 28.0
59 94 62.0
51 68 31.0
10 70 54.0
36 37 52.0
2 28 6.0
1 57 10.0
68 97 13.0
1 64 93.0
24 58 36.0
41 71 20.0
1 78 1.0
1 23 77.0
41 70 52.0
58 99 96.0
51 95 83.0
10 75 25.0
1 80 25.0
37 55 40.0
1 91 60.0
68 92 17.0
37 51 63.0
41 45 91.0
71 84 6.0
15 84 40.0
