252.4537300025298 904.3486265578515
813.8837131755974 97.88454883554732
485.4493695725438 515.1153238775188
978.1141514574506 186.15913872092005
798.2429369466312 70.877578234671
865.1142710792101 466.93477857818624
867.4105741696837 695.7103418887763
929.5350418248943 820.6020779899984
660.2769368207897 496.51606585879995
285.93107185956524 372.68208690796155
631.9325712375226 754.0915211119885
659.3901816831858 213.90180085429432
433.4627922047123 531.3088485307501
251.0855703572673 772.262396848998
403.4231572266868 857.6492895747552
254.90630085405851 387.11682898082745
228.9861538569674 544.4944073124124
764.1726409837909 691.336115952275
631.783067611044 524.000512841928
565.1646236536118 906.4739140236186
724.3128638937568 498.04409798625795
701.7088388152432 758.2534240849459
343.4517246467431 379.49585977126867
369.0285670206095 607.4083212658434
968.6586577979592 547.944052350244
683.2861202316304 29.425274662237435
521.2802105729415 288.6910731150739
131.6852909713706 827.0486828838622
582.0972476401789 668.8933414197473
241.50076389933983 645.3440020432926
299.44409777212053 472.2402581328081
9.669731459730047 730.3376216140063
953.7137976546898 453.44040745525535
838.9925450131202 342.46617563621396
332.71873715479103 271.4066418709178
225.1339974272174 693.8524505749392
525.6905515926192 816.4834102577802
494.66405363429135 397.1970516791331
517.3280886137787 715.9243624382398
241.34646372527035 977.7673513649016
352.6925838851025 295.67930084025073
662.1217277121237 820.3819591689822
947.5467574879673 425.1118261312508
824.9252332567224 751.432133845016
960.4852016172771 778.2300216789077
128.02311511422815 226.7804134342387
358.4302109587627 911.5525715455643
841.1186151764608 304.38299945404503
515.7211413571767 303.64911153917205
142.5023533697537 265.3283179652409
249.93129097091105 244.26912273882462
557.9202661863901 530.5677662219376
765.7331556955054 462.67314055148233
614.2516861115587 43.20156623442184
923.3205303319058 678.0923328736868
738.6773974991769 966.7745384636781
858.0913855695087 5.848583390327011
676.5919454623117 230.38850256753773
884.2918747813836 945.5438214515408
1.203186269213119 336.9086937303968
493.08451762678084 9.864159549782258
603.8023367868858 79.47647961918192
196.14055056608936 826.6382692410153
895.2058410628009 534.683974549953
155.02214456539832 144.84944232510156
752.0064879771012 734.8418673438798
683.0547691241482 341.8324717612354
260.6242754971533 568.7247632453997
27.196434726357023 586.4525448032533
478.26933341187026 736.764742615992
284.167622861781 24.56987254233256
926.7181901098274 60.74231310725364
712.4736062304589 751.6950359651781
116.40320531947401 374.6010857424967
527.9141617536972 411.7154844423804
637.1822015390316 30.059335575669866
203.91489133022566 140.4401106643114
215.6135215974241 229.8340690049341
507.15493849840885 416.0961547802765
95.04878669633166 500.2915780763207
812.7072303838122 632.3031543079608
449.2639809387912 272.62295400394277
437.1386380807961 670.7752373165964
552.5095076464744 857.9886169052529
641.0832031531709 748.4367340636691
188.62138750224366 593.6732892118238
61.222833255366595 558.4883011428968
699.6800744504592 71.51679198073879
481.97643071592523 395.4450372740026
202.64423506297024 530.1744669808021
744.3938789324085 486.3031908759554
354.6427430143002 302.3202900589279
319.4447402051305 353.57826921044744
52.43749216271865 938.3745692236142
832.8079829832932 678.7774240400299
384.65053311219475 371.05126209587036
247.7626380464415 854.8344897557514
468.68079644652573 983.8414296775949
436.41513554955156 400.98640386483055
993.0764682508221 568.0087947509336
728.1573603027 442.33964762071855
761.6959026847231 995.8002034361539
89.30766843005466 25.059373416506105
284.1195035546937 11.4219818753305
32.84227256436334 316.6240869915085
646.1001510009672 140.6294346764364
71.5622533049467 667.3501778018948
228.95951175883633 147.86124975758142
366.9442111643086 683.1613906323435
451.9258120459334 790.699911919571
312.2675399691326 240.7344269529319
191.69226884327395 136.25216149802623
531.5697790014226 108.15347400095764
621.4201067408302 39.50094402457327
934.0529823390387 633.0614319253364
376.85510760084327 102.52598945964819
653.1278835374899 306.5475084636473
334.83094754130883 44.94580068017528
985.4605262987792 829.7463643302686
287.0047163647799 507.6126406980491
4.697934705469975 329.1148529270841
966.0338211264631 398.61045782281366
965.2469414494237 156.49047369601442
370.9474297170552 559.2877696937287
959.7856718414736 867.7436241724739
682.0235670197587 870.9745586406405
332.8039265499489 138.0454630582908
696.4099606556049 501.70069425027907
681.219047557204 879.5746932469365
297.491845016327 254.40786338320032
525.9012665720169 52.55071088420004
912.4971760403528 574.2071782682675
492.2093525231045 494.4261130959723
708.6649445187775 683.886395352648
893.3376844615763 253.10050905906257
179.61838977504664 907.6575366741099
857.8699125739513 707.1575361065806
990.1393093655481 148.93338756670093
155.58605564963645 351.17395450027834
375.5662265920855 691.8722417593508
763.5467189384818 141.63078190530732
675.8591039214233 407.45043088095036
116.14685156259019 198.02161221082147
344.7387966816097 473.08457593761113
80.55701269469728 998.6361544117838
468.31639835236484 168.806594372793
222.16149492862047 940.7026896758323
971.8598976044623 871.2187619961493
318.1066528984918 863.2235406070253
278.33980672876424 783.13486860945
